Linux 5.15.41-gentoo-x86_64-zbkstdxg5 (pgsql1.dbt2.internal) 	05/26/2022 	_x86_64_	(6 CPU)

# Time        UID       PID    %usr %system  %guest   %wait    %CPU   CPU  minflt/s  majflt/s     VSZ     RSS   %MEM StkSize  StkRef   kB_rd/s   kB_wr/s kB_ccwr/s iodelay   cswch/s nvcswch/s  Command
01:16:38 AM    26      8472    0.02    0.12    0.00    0.00    0.13     0     36.61      0.00  497240   24884   0.04     132      36      0.00 140039.79  78670.49       0      5.07      0.83  /usr/pgsql-14/bin/postgres -D /var/lib/pgsql/local/dbt3/pgdata -c unix_socket_directories=/tmp -p 5432 
01:16:38 AM    26      8473    0.00    0.00    0.00    0.00    0.00     5      0.00      0.00  349708    5252   0.01     132      20      0.00      0.07      0.00       0      0.05      0.00  postgres: logger                                                                                       
01:16:38 AM    26      8475    0.10    2.00    0.00    5.02    2.10     1     36.76      1.30  497464  131684   0.20     132      32      0.00   5118.68      0.00       0     57.17   1006.73  postgres: checkpointer                                                                                 
01:16:38 AM    26      8476    0.18    0.45    0.00    0.80    0.63     5     37.39      0.00  497240  142704   0.22     132      32      0.00   2252.96      0.00       0      8.03    111.06  postgres: background writer                                                                            
01:16:38 AM    26      8477    0.08    0.58    0.00    1.65    0.67     2      0.00      0.00  497240   10584   0.02     132      24      0.00   5908.88      0.00       0     50.46     13.13  postgres: walwriter                                                                                    
01:16:38 AM    26      8478    0.00    0.00    0.00    0.03    0.00     1      0.17      0.00  497808    8980   0.01     132      16      0.00      0.13      0.00       0      0.13      0.00  postgres: autovacuum launcher                                                                          
01:16:38 AM    26      8479    0.03    0.07    0.00    0.22    0.10     5      0.00      0.00  351968    5284   0.01     132      20      0.00      2.07      0.53       0     56.64      0.50  postgres: stats collector                                                                              
01:16:38 AM    26      8492    0.00    0.00    0.00    0.00    0.00     3      0.00      0.00  217196     888   0.00     132      24      0.00      0.07      0.00       0      0.03      0.00  sar -o /tmp/r10/throughput/sar_raw.out 60 
01:16:38 AM    26      8493    0.00    0.03    0.00    0.03    0.03     4     10.33      0.00  220896    4500   0.01     132      20      0.00      0.00      0.00       0      0.03      0.33  pidstat -h -l -d -r -s -u -w 60 
01:16:38 AM    26      8494    0.00    0.00    0.00    0.00    0.00     2      6.47      0.00  222524    3188   0.00     132      16      0.00      1.07      0.00       0      0.18      0.00  /bin/sh /bin/dbt3-pgsql-dbstat /tmp/r10/throughput 
01:16:38 AM    26      8495    0.00    0.00    0.00    0.00    0.00     4      0.00      0.00  222836    1396   0.00     132      20      0.00      0.67      0.00       0      0.12      1.02  sadc 60 -Z -S XALL /tmp/r10/throughput/sar_raw.out 
01:16:38 AM    26      8496    0.00    0.00    0.00    0.00    0.00     4      8.37      0.00  222524    3148   0.00     132      16      0.00    152.71      0.13       0      0.53      0.22  /bin/sh /bin/dbt3-throughput-stream-wrapper -f 10 -n 3 -o /tmp/r10/throughput -s /tmp/r10/seed 
01:16:38 AM    26      8498    0.00    0.02    0.00    0.00    0.02     1     44.56      0.00  222656    3240   0.00     132      16      0.00      3.80      1.60       0      2.30      0.10  /bin/sh /bin/dbt3-throughput-stream -f 10 -t 1 -o /tmp/r10/throughput -s /tmp/r10/seed 
01:16:38 AM    26      8499    0.00    0.03    0.00    0.00    0.03     0     55.26      0.00  222656    3224   0.00     132      12      0.00     33.33      1.87       0      2.90      0.28  /bin/sh /bin/dbt3-throughput-stream -f 10 -t 2 -o /tmp/r10/throughput -s /tmp/r10/seed 
01:16:38 AM    26      8500    0.02    0.02    0.00    0.02    0.03     0     53.36      0.00  222652    3184   0.00     132      16      0.00      4.13      1.80       0      2.77      0.25  /bin/sh /bin/dbt3-throughput-stream -f 10 -t 3 -o /tmp/r10/throughput -s /tmp/r10/seed 
01:16:38 AM    26      9166    0.00    0.00    0.00    0.00    0.00     4      4.63      0.00  222524    3160   0.00     132      16      0.00    151.51      0.00       0      0.13      0.00  /bin/sh /bin/dbt3-pgsql-rf1 10 
01:16:38 AM    26      9180    0.00    0.00    0.00    0.02    0.00     5      5.53      0.00  274076    6080   0.01     132      20      0.00      0.07      0.00       0      0.05      0.03  psql -v ON_ERROR_STOP=1 -X -e 
01:16:38 AM    26      9181   18.95    1.30    0.00   11.96   20.25     4    154.56      0.00  510932  154172   0.23     132      24      0.00   4907.98      0.00       0      4.88     51.47  postgres: postgres dbt3 [local] SELECT                                                                 
01:16:38 AM    26      9182   18.83    1.38    0.00   11.91   20.21     1    159.16      0.00  505180  148016   0.23     132      36      0.00   5125.01      0.00       0      8.17     64.06  postgres: parallel worker for PID 9181                                                                 
01:16:38 AM    26      9183   19.41    1.27    0.00   11.31   20.68     0     82.14      0.00  513372  154032   0.23     132      36      0.00   5327.38      0.00       0      5.72     37.31  postgres: parallel worker for PID 9181                                                                 
01:16:38 AM    26      9186    0.00    0.00    0.00    0.02    0.00     4      6.02      0.00  274076    6220   0.01     132      24      0.00      0.07      0.00       0      0.05      0.05  psql -X -v ON_ERROR_STOP=1 
01:16:38 AM    26      9187    6.53    2.88    0.00    9.83    9.42     5    565.36      0.00  498712  150580   0.23     132      28      0.00  16133.31      0.00       0     13.86     35.48  postgres: postgres dbt3 [local] COPY                                                                   
01:16:38 AM    26      9210    0.00    0.00    0.00    0.02    0.00     0      5.52      0.00  274076    6100   0.01     132      24      0.00      0.07      0.00       0      0.05      0.03  psql -v ON_ERROR_STOP=1 -X -e 
01:16:38 AM    26      9211   10.18    1.42    0.00    6.32   11.60     3    116.61      0.00  515848   71972   0.11     132      28      0.00    771.34      0.00       0      2.33     48.09  postgres: postgres dbt3 [local] SELECT                                                                 
01:16:38 AM    26      9212    9.15    1.30    0.00    7.35   10.45     2    103.00      0.00  513832   60788   0.09     132      36      0.00    617.36      0.00       0      2.40     52.41  postgres: parallel worker for PID 9211                                                                 
01:16:38 AM    26      9213    9.55    1.28    0.00    7.03   10.83     1     95.37      0.00  513940   60160   0.09     132      36      0.00    651.22      0.00       0      2.20     24.35  postgres: parallel worker for PID 9211                                                                 
01:16:38 AM    26      9225    0.00    0.00    0.00    0.02    0.00     1      5.62      0.00  274076    6304   0.01     132      20      0.00      0.07      0.00       0      0.05      0.03  psql -v ON_ERROR_STOP=1 -X -e 
01:16:38 AM    26      9226    0.77    0.35    0.00    1.70    1.12     5    199.57      0.00  517948  163560   0.25     132      32      0.00    801.20      0.00       0      1.88     16.50  postgres: postgres dbt3 [local] SELECT                                                                 
01:16:38 AM    26      9227    0.78    0.37    0.00    1.63    1.15     5    196.65      0.00  517120  161156   0.25     132      36      0.00    674.55      0.00       0      1.57     11.38  postgres: parallel worker for PID 9226                                                                 
01:16:38 AM    26      9228    0.82    0.33    0.00    1.73    1.15     3    203.43      0.00  517120  157312   0.24     132      36      0.00    433.13      0.00       0      1.10     27.60  postgres: parallel worker for PID 9226                                                                 
01:16:38 AM    26     12083    0.00    0.00    0.00    0.00    0.00     0      0.00      0.00  217196     988   0.00     132      24      0.00      0.07      0.00       0      0.02      0.00  sar -o /tmp/r1/load//sar_raw.out 60 
01:16:38 AM    26     12084    0.03    0.08    0.00    0.10    0.12     5      0.00      0.00  220404    4984   0.01     132      24      0.00      0.27      0.00       0      0.10      0.73  pidstat -h -l -d -r -s -u -w 60 
01:16:38 AM    26     12086    0.00    0.00    0.00    0.00    0.00     0      0.00      0.00  222836    1436   0.00     132      20      0.00      0.33      0.00       0      0.45      0.58  sadc 60 -Z -S XALL /tmp/r1/load//sar_raw.out 
01:16:38 AM    26     12144    0.00    0.00    0.00    0.00    0.00     5      0.00      0.00  217196     884   0.00     132      24      0.00      0.07      0.00       0      0.02      0.00  sar -o /tmp/r1/load//sar_raw.out 60 
01:16:38 AM    26     12145    0.02    0.10    0.00    0.00    0.12     5      0.00      0.00  220476    4944   0.01     132      24      0.00      0.20      0.00       0      0.10      0.48  pidstat -h -l -d -r -s -u -w 60 
01:16:38 AM    26     12147    0.00    0.02    0.00    0.02    0.02     0      0.00      0.00  222836    1212   0.00     132      24      0.00      0.40      0.00       0      0.03      1.00  sadc 60 -Z -S XALL /tmp/r1/load//sar_raw.out 

# Time        UID       PID    %usr %system  %guest   %wait    %CPU   CPU  minflt/s  majflt/s     VSZ     RSS   %MEM StkSize  StkRef   kB_rd/s   kB_wr/s kB_ccwr/s iodelay   cswch/s nvcswch/s  Command
01:17:38 AM    26      8472    0.00    0.03    0.00    0.00    0.03     4      6.53      0.00  497240   24884   0.04     132      36      0.00  71531.07  10854.40       0      1.02      0.08  /usr/pgsql-14/bin/postgres -D /var/lib/pgsql/local/dbt3/pgdata -c unix_socket_directories=/tmp -p 5432 
01:17:38 AM    26      8473    0.00    0.00    0.00    0.00    0.00     2      0.00      0.00  349708    5252   0.01     132      20      0.00      0.07      0.00       0      0.07      0.00  postgres: logger                                                                                       
01:17:38 AM    26      8475    0.05    1.48    0.00    3.98    1.53     3      0.15      0.00  497464  131684   0.20     132      32      0.00    232.00      0.00       0     33.37    617.67  postgres: checkpointer                                                                                 
01:17:38 AM    26      8476    0.25    0.50    0.00    1.20    0.75     1      0.17      0.00  497240  142704   0.22     132      32      0.00   3481.73      0.00       0     13.72    139.25  postgres: background writer                                                                            
01:17:38 AM    26      8477    0.08    0.37    0.00    0.78    0.45     5      0.05      0.00  497240   10584   0.02     132      28      0.00   4657.33      0.00       0     27.80     24.92  postgres: walwriter                                                                                    
01:17:38 AM    26      8478    0.00    0.00    0.00    0.00    0.00     4      0.20      0.00  497808    8980   0.01     132      16      0.00      0.00      0.00       0      0.13      0.00  postgres: autovacuum launcher                                                                          
01:17:38 AM    26      8479    0.02    0.03    0.00    0.28    0.05     1      0.00      0.00  351968    5284   0.01     132      20      0.00      1.53      0.00       0     21.82      0.58  postgres: stats collector                                                                              
01:17:38 AM    26      8492    0.00    0.00    0.00    0.00    0.00     3      0.00      0.00  217196     888   0.00     132      24      0.00      0.07      0.00       0      0.02      0.00  sar -o /tmp/r10/throughput/sar_raw.out 60 
01:17:38 AM    26      8493    0.03    0.12    0.00    0.15    0.15     1      2.45      0.00  220896    5028   0.01     132      20      0.00      0.20      0.00       0      0.08      0.28  pidstat -h -l -d -r -s -u -w 60 
01:17:38 AM    26      8494    0.00    0.00    0.00    0.00    0.00     2      0.00      0.00  222524    3188   0.00     132      16      0.00      1.00      0.00       0      0.08      0.00  /bin/sh /bin/dbt3-pgsql-dbstat /tmp/r10/throughput 
01:17:38 AM    26      8495    0.00    0.02    0.00    0.00    0.02     0      0.00      0.00  222836    1396   0.00     132      20      0.00      0.33      0.00       0      0.72      0.18  sadc 60 -Z -S XALL /tmp/r10/throughput/sar_raw.out 
01:17:38 AM    26      8496    0.00    0.00    0.00    0.00    0.00     3     10.92      0.00  222524    3148   0.00     132      16      0.00    303.27      0.27       0      0.73      0.12  /bin/sh /bin/dbt3-throughput-stream-wrapper -f 10 -n 3 -o /tmp/r10/throughput -s /tmp/r10/seed 
01:17:38 AM    26      8498    0.00    0.00    0.00    0.00    0.00     5      2.53      0.00  222656    3244   0.00     132      16      0.00      0.33      0.00       0      0.13      0.02  /bin/sh /bin/dbt3-throughput-stream -f 10 -t 1 -o /tmp/r10/throughput -s /tmp/r10/seed 
01:17:38 AM    26      8499    0.00    0.00    0.00    0.00    0.00     0      0.00      0.00  222656    3224   0.00     132       8      0.00      0.00      0.00       0      0.00      0.00  /bin/sh /bin/dbt3-throughput-stream -f 10 -t 2 -o /tmp/r10/throughput -s /tmp/r10/seed 
01:17:38 AM    26      8500    0.00    0.00    0.00    0.00    0.00     4      2.72      0.00  222652    3184   0.00     132      16      0.00      0.13      0.07       0      0.13      0.05  /bin/sh /bin/dbt3-throughput-stream -f 10 -t 3 -o /tmp/r10/throughput -s /tmp/r10/seed 
01:17:38 AM    26      9226   25.23   13.15    0.00   45.52   38.38     3     30.90      0.00  520436  167908   0.26     132      32      0.00  16094.27      0.00       0     57.15    108.40  postgres: postgres dbt3 [local] SELECT                                                                 
01:17:38 AM    26      9227   25.10   13.02    0.00   46.10   38.12     0     27.55      0.00  517556  164532   0.25     132      36      0.00  16364.13      0.00       0     57.82    102.52  postgres: parallel worker for PID 9226                                                                 
01:17:38 AM    26      9228   25.53   13.33    0.00   45.13   38.87     2     26.90      0.00  517556  164452   0.25     132      32      0.00  17137.47      0.00       0     58.23    145.72  postgres: parallel worker for PID 9226                                                                 
01:17:38 AM    26      9253    0.00    0.00    0.00    0.02    0.00     4      5.53      0.00  274076    6196   0.01     132      24      0.00      0.07      0.00       0      0.05      0.03  psql -v ON_ERROR_STOP=1 -X -e 
01:17:38 AM    26      9254   62.00    1.40    0.00   22.78   63.40     5     40.67      0.00  499732   96708   0.15     132      20      0.00      1.73      0.00       0      5.65    117.05  postgres: postgres dbt3 [local] SELECT                                                                 
01:17:38 AM    26      9255   60.10    1.35    0.00   24.88   61.45     4     34.58      0.00  498800   95104   0.14     132      36      0.00      0.80      0.00       0      5.85    100.33  postgres: parallel worker for PID 9254                                                                 
01:17:38 AM    26      9256   59.95    1.42    0.00   24.85   61.37     5     33.97      0.00  498800   96220   0.15     132      36      0.00      1.07      0.00       0      5.80    188.32  postgres: parallel worker for PID 9254                                                                 
01:17:38 AM    26      9322    0.00    0.00    0.00    0.00    0.00     5      5.48      0.00  274076    6184   0.01     132      24      0.00      0.07      0.00       0      0.05      0.05  psql -v ON_ERROR_STOP=1 -X -e 
01:17:38 AM    26      9323    7.00    1.28    0.00    6.97    8.28     3    119.77      0.00  514020   85556   0.13     132      24      0.00   2197.47      0.00       0      4.45     34.13  postgres: postgres dbt3 [local] SELECT                                                                 
01:17:38 AM    26      9324    7.48    1.23    0.00    6.57    8.72     3    102.28      0.00  511184   87220   0.13     132      36      0.00   2290.53      0.00       0      4.12     31.72  postgres: parallel worker for PID 9323                                                                 
01:17:38 AM    26      9325    7.42    1.28    0.00    6.53    8.70     1    110.20      0.00  511104   82428   0.13     132      36      0.00   2351.73      0.00       0      4.65     33.42  postgres: parallel worker for PID 9323                                                                 
01:17:38 AM    26     12083    0.00    0.00    0.00    0.00    0.00     0      0.00      0.00  217196     988   0.00     132      24      0.00      0.07      0.00       0      0.02      0.00  sar -o /tmp/r1/load//sar_raw.out 60 
01:17:38 AM    26     12084    0.02    0.13    0.00    0.17    0.15     2      0.00      0.00  220404    4984   0.01     132      24      0.00      0.27      0.00       0      0.05      0.35  pidstat -h -l -d -r -s -u -w 60 
01:17:38 AM    26     12086    0.00    0.02    0.00    0.02    0.02     1      0.00      0.00  222836    1436   0.00     132      20      0.00      0.33      0.00       0      0.07      0.97  sadc 60 -Z -S XALL /tmp/r1/load//sar_raw.out 
01:17:38 AM    26     12144    0.00    0.00    0.00    0.00    0.00     0      0.00      0.00  217196     884   0.00     132      24      0.00      0.07      0.00       0      0.02      0.00  sar -o /tmp/r1/load//sar_raw.out 60 
01:17:38 AM    26     12145    0.02    0.12    0.00    0.02    0.13     1      0.00      0.00  220476    4944   0.01     132      24      0.00      0.27      0.00       0      0.03      0.60  pidstat -h -l -d -r -s -u -w 60 
01:17:38 AM    26     12147    0.00    0.00    0.00    0.02    0.00     0      0.00      0.00  222836    1212   0.00     132      24      0.00      0.33      0.00       0      0.03      1.00  sadc 60 -Z -S XALL /tmp/r1/load//sar_raw.out 

# Time        UID       PID    %usr %system  %guest   %wait    %CPU   CPU  minflt/s  majflt/s     VSZ     RSS   %MEM StkSize  StkRef   kB_rd/s   kB_wr/s kB_ccwr/s iodelay   cswch/s nvcswch/s  Command
01:18:38 AM    26      8472    0.00    0.03    0.00    0.02    0.03     2     10.95      0.00  497240   24884   0.04     132      36      0.00  89289.33  35100.47       0      1.57      0.37  /usr/pgsql-14/bin/postgres -D /var/lib/pgsql/local/dbt3/pgdata -c unix_socket_directories=/tmp -p 5432 
01:18:38 AM    26      8475    0.02    0.00    0.00    0.40    0.02     2      0.00      0.00  497464  131684   0.20     132      32      0.00      0.00      0.00       0      9.95      1.28  postgres: checkpointer                                                                                 
01:18:38 AM    26      8476    0.15    0.03    0.00    0.20    0.18     1      0.02      0.00  497240  142704   0.22     132      32      0.00    105.87      0.00       0      4.70      7.45  postgres: background writer                                                                            
01:18:38 AM    26      8477    0.00    0.00    0.00    0.17    0.00     1      0.00      0.00  497240   10584   0.02     132      28      0.00     10.13      0.00       0      4.37      0.22  postgres: walwriter                                                                                    
01:18:38 AM    26      8478    0.00    0.00    0.00    0.00    0.00     1      0.22      0.00  497808    8980   0.01     132      16      0.00      0.00      0.00       0      0.13      0.00  postgres: autovacuum launcher                                                                          
01:18:38 AM    26      8479    0.02    0.05    0.00    0.07    0.07     1      0.00      0.00  351968    5284   0.01     132      20      0.00      2.07      0.00       0     23.43      0.63  postgres: stats collector                                                                              
01:18:38 AM    26      8480    0.00    0.00    0.00    0.00    0.00     3      0.02      0.00  497668    6920   0.01     132      16      0.00      0.00      0.00       0      0.02      0.00  postgres: logical replication launcher                                                                 
01:18:38 AM    26      8492    0.00    0.00    0.00    0.00    0.00     2      0.00      0.00  217196     888   0.00     132      24      0.00      0.07      0.00       0      0.75      0.00  sar -o /tmp/r10/throughput/sar_raw.out 60 
01:18:38 AM    26      8493    0.03    0.08    0.00    0.12    0.12     1      0.25      0.00  220896    5028   0.01     132      20      0.00      0.20      0.00       0      0.15      0.42  pidstat -h -l -d -r -s -u -w 60 
01:18:38 AM    26      8494    0.00    0.00    0.00    0.00    0.00     1      1.92      0.00  222524    3192   0.00     132      16      0.00      1.07      0.00       0      0.10      0.03  /bin/sh /bin/dbt3-pgsql-dbstat /tmp/r10/throughput 
01:18:38 AM    26      8495    0.00    0.00    0.00    0.02    0.00     2      0.00      0.00  222836    1396   0.00     132      20      0.00      0.33      0.00       0      0.77      0.82  sadc 60 -Z -S XALL /tmp/r10/throughput/sar_raw.out 
01:18:38 AM    26      8496    0.00    0.00    0.00    0.00    0.00     3      0.00      0.00  222524    3148   0.00     132      12      0.00      0.00      0.00       0      0.00      0.00  /bin/sh /bin/dbt3-throughput-stream-wrapper -f 10 -n 3 -o /tmp/r10/throughput -s /tmp/r10/seed 
01:18:38 AM    26      8498    0.02    0.00    0.00    0.00    0.02     2     10.27      0.00  222656    3248   0.00     132      16      0.00      4.60      0.27       0      0.48      0.12  /bin/sh /bin/dbt3-throughput-stream -f 10 -t 1 -o /tmp/r10/throughput -s /tmp/r10/seed 
01:18:38 AM    26      8499    0.02    0.00    0.00    0.02    0.02     2      8.95      0.00  222656    3228   0.00     132      12      0.00      1.13      0.13       0      0.40      0.20  /bin/sh /bin/dbt3-throughput-stream -f 10 -t 2 -o /tmp/r10/throughput -s /tmp/r10/seed 
01:18:38 AM    26      8500    0.00    0.00    0.00    0.00    0.00     3      2.68      0.00  222652    3184   0.00     132      16      0.00      0.20      0.00       0      0.13      0.03  /bin/sh /bin/dbt3-throughput-stream -f 10 -t 3 -o /tmp/r10/throughput -s /tmp/r10/seed 
01:18:38 AM    26      9357    0.00    0.00    0.00    0.00    0.00     1      1.35      0.00  217080     864   0.00     132      12      0.00      0.00      0.00       0      0.02      0.02  sleep 60 
01:18:38 AM    26      9407    0.00    0.00    0.00    0.00    0.00     3      5.53      0.00  274076    6208   0.01     132      20      0.00      0.07      0.00       0      0.05      0.02  psql -v ON_ERROR_STOP=1 -X -e 
01:18:38 AM    26      9408   53.60    1.37    0.00   12.27   54.97     4    125.17      0.00  507864  152112   0.23     132      28      0.00   4283.73      0.00       0      6.88     40.33  postgres: postgres dbt3 [local] SELECT                                                                 
01:18:38 AM    26      9409   53.57    1.45    0.00   12.20   55.02     5     97.57      0.00  513368  152168   0.23     132      36      0.00   4246.40      0.00       0      6.55     35.92  postgres: parallel worker for PID 9408                                                                 
01:18:38 AM    26      9410   53.35    1.12    0.00   12.90   54.47     3    310.18      0.00  509272  151296   0.23     132      28      0.00   4376.40      0.00       0      1.98     42.00  postgres: parallel worker for PID 9408                                                                 
01:18:38 AM    26      9473    0.00    0.00    0.00    0.00    0.00     1      6.23      0.00  274208    6284   0.01     132      20      0.00      0.07      0.00       0      0.25      0.02  psql -v ON_ERROR_STOP=1 -X -e 
01:18:38 AM    26      9474    5.80    2.80    0.00    1.12    8.60     0    550.42      0.00  500260  147924   0.23     132      36      0.00      4.00      0.00       0      0.70      6.05  postgres: postgres dbt3 [local] SELECT                                                                 
01:18:38 AM    26      9491    0.00    0.00    0.00    0.00    0.00     2      2.87      0.00  222524    3340   0.01     132      16      0.00      0.00      0.00       0      0.02      0.00  /bin/sh /bin/dbt3-pgsql-time-statistics -e -n PERF.THRUPUT.QS2.Q8 
01:18:38 AM    26      9492    0.00    0.00    0.00    0.00    0.00     1      5.52      0.00  274076    6312   0.01     132      20      0.00      0.00      0.00       0      0.03      0.02  psql -v ON_ERROR_STOP=1 -X -q -c UPDATE time_statistics SET e_time = CURRENT_TIMESTAMP WHERE task_name = 'PERF.THRUPUT.QS2.Q8' 
01:18:38 AM    26      9493    0.00    0.00    0.00    0.00    0.00     2     13.48      0.00  498296   14460   0.02     132      28      0.00      0.13      0.00       0      0.03      0.02  postgres: postgres dbt3 [local] UPDATE                                                                 
01:18:38 AM    26     12083    0.00    0.00    0.00    0.00    0.00     0      0.00      0.00  217196     988   0.00     132      24      0.00      0.07      0.00       0      0.02      0.00  sar -o /tmp/r1/load//sar_raw.out 60 
01:18:38 AM    26     12084    0.03    0.10    0.00    0.22    0.13     0      0.00      0.00  220404    4984   0.01     132      24      0.00      0.20      0.00       0      0.03      0.43  pidstat -h -l -d -r -s -u -w 60 
01:18:38 AM    26     12086    0.00    0.02    0.00    0.05    0.02     0      0.00      0.00  222836    1436   0.00     132      20      0.00      0.40      0.00       0      0.05      1.00  sadc 60 -Z -S XALL /tmp/r1/load//sar_raw.out 
01:18:38 AM    26     12144    0.00    0.00    0.00    0.00    0.00     0      0.00      0.00  217196     884   0.00     132      24      0.00      0.07      0.00       0      0.02      0.00  sar -o /tmp/r1/load//sar_raw.out 60 
01:18:38 AM    26     12145    0.02    0.08    0.00    0.03    0.10     1      0.00      0.00  220476    4944   0.01     132      24      0.00      0.20      0.00       0      0.02      0.43  pidstat -h -l -d -r -s -u -w 60 
01:18:38 AM    26     12147    0.00    0.02    0.00    0.00    0.02     1      0.00      0.00  222836    1212   0.00     132      24      0.00      0.33      0.00       0      0.05      1.00  sadc 60 -Z -S XALL /tmp/r1/load//sar_raw.out 

# Time        UID       PID    %usr %system  %guest   %wait    %CPU   CPU  minflt/s  majflt/s     VSZ     RSS   %MEM StkSize  StkRef   kB_rd/s   kB_wr/s kB_ccwr/s iodelay   cswch/s nvcswch/s  Command
01:19:38 AM    26      8472    0.02    0.08    0.00    0.02    0.10     3     17.32      0.00  497240   24884   0.04     132      36      0.00  83597.93  67244.87       0      2.40      0.42  /usr/pgsql-14/bin/postgres -D /var/lib/pgsql/local/dbt3/pgdata -c unix_socket_directories=/tmp -p 5432 
01:19:38 AM    26      8475    0.02    0.02    0.00    0.05    0.03     4      0.00      0.00  497464  131684   0.20     132      32      0.00      0.00      0.00       0      9.98      0.02  postgres: checkpointer                                                                                 
01:19:38 AM    26      8476    0.27    0.02    0.00    0.07    0.28     0      0.02      0.00  497240  142704   0.22     132      32      0.00     14.80      0.00       0      5.05      0.77  postgres: background writer                                                                            
01:19:38 AM    26      8477    0.00    0.02    0.00    0.03    0.02     2      0.00      0.00  497240   10584   0.02     132      28      0.00      0.40      0.00       0      3.15      0.05  postgres: walwriter                                                                                    
01:19:38 AM    26      8478    0.00    0.00    0.00    0.00    0.00     1      0.18      0.00  497808    8980   0.01     132      16      0.00      0.00      0.00       0      0.13      0.00  postgres: autovacuum launcher                                                                          
01:19:38 AM    26      8479    0.03    0.12    0.00    0.17    0.15     3      0.00      0.00  351968    5284   0.01     132      20      0.00      2.07      0.00       0     86.20      0.38  postgres: stats collector                                                                              
01:19:38 AM    26      8492    0.00    0.00    0.00    0.00    0.00     2      0.00      0.00  217196     888   0.00     132      24      0.00      0.07      0.00       0      0.02      0.02  sar -o /tmp/r10/throughput/sar_raw.out 60 
01:19:38 AM    26      8493    0.02    0.07    0.00    0.02    0.08     5      0.02      0.00  220896    5028   0.01     132      20      0.00      0.20      0.00       0      0.10      0.17  pidstat -h -l -d -r -s -u -w 60 
01:19:38 AM    26      8494    0.00    0.00    0.00    0.00    0.00     2      1.87      0.00  222524    3192   0.00     132      16      0.00      0.87      0.00       0      0.08      0.03  /bin/sh /bin/dbt3-pgsql-dbstat /tmp/r10/throughput 
01:19:38 AM    26      8495    0.00    0.00    0.00    0.00    0.00     5      0.00      0.00  222836    1396   0.00     132      20      0.00      0.40      0.00       0      0.78      0.20  sadc 60 -Z -S XALL /tmp/r10/throughput/sar_raw.out 
01:19:38 AM    26      8498    0.00    0.02    0.00    0.02    0.02     5     13.07      0.00  222656    3256   0.00     132      16      0.00     31.27      0.33       0      0.63      0.05  /bin/sh /bin/dbt3-throughput-stream -f 10 -t 1 -o /tmp/r10/throughput -s /tmp/r10/seed 
01:19:38 AM    26      8499    0.00    0.02    0.00    0.00    0.02     4     13.42      0.00  222656    3232   0.00     132      12      0.00      0.60      0.27       0      0.63      0.28  /bin/sh /bin/dbt3-throughput-stream -f 10 -t 2 -o /tmp/r10/throughput -s /tmp/r10/seed 
01:19:38 AM    26      8500    0.00    0.02    0.00    0.00    0.02     3     10.87      0.00  222652    3192   0.00     132      16      0.00      0.87      0.13       0      0.50      0.07  /bin/sh /bin/dbt3-throughput-stream -f 10 -t 3 -o /tmp/r10/throughput -s /tmp/r10/seed 
01:19:38 AM    26      9499    0.00    0.00    0.00    0.00    0.00     1      1.35      0.00  217080     944   0.00     132      12      0.00      0.00      0.00       0      0.02      0.00  sleep 60 
01:19:38 AM    26      9682    0.00    0.00    0.00    0.00    0.00     5      5.52      0.00  274076    6060   0.01     132      20      0.00      0.07      0.00       0      0.05      0.02  psql -v ON_ERROR_STOP=1 -X -e 
01:19:38 AM    26      9683    4.23    3.45    0.00    5.32    7.68     4    512.87      0.00  499788  146836   0.22     132      40      0.00      1.33      0.00       0    618.50     21.22  postgres: postgres dbt3 [local] SELECT                                                                 
01:19:38 AM    26      9684    5.87    5.10    0.00    6.05   10.97     2    514.28      0.00  498836  144976   0.22     132      36      0.00      2.40      0.00       0     11.48    182.85  postgres: parallel worker for PID 9683                                                                 
01:19:38 AM    26      9685    5.88    4.95    0.00    6.35   10.83     3    508.03      0.00  498836  145012   0.22     132      36      0.00      2.67      0.00       0     11.17    194.55  postgres: parallel worker for PID 9683                                                                 
01:19:38 AM    26      9696    0.00    0.00    0.00    0.00    0.00     4      5.50      0.00  274076    6028   0.01     132      24      0.00      0.07      0.00       0      0.05      0.02  psql -v ON_ERROR_STOP=1 -X -e 
01:19:38 AM    26      9697    2.98    2.27    0.00    3.83    5.25     5    490.48      0.00  499788  146888   0.22     132      40      0.00      0.40      0.00       0    399.30     26.67  postgres: postgres dbt3 [local] SELECT                                                                 
01:19:38 AM    26      9698    4.03    3.47    0.00    4.27    7.50     0    485.38      0.00  498836  145056   0.22     132      36      0.00      1.33      0.00       0      8.95    150.73  postgres: parallel worker for PID 9697                                                                 
01:19:38 AM    26      9699    3.93    3.45    0.00    4.30    7.38     3    486.15      0.00  498836  145072   0.22     132      36      0.00      1.20      0.00       0      9.08    148.23  postgres: parallel worker for PID 9697                                                                 
01:19:38 AM    26      9711    0.00    0.00    0.00    0.00    0.00     2      5.50      0.00  274076    6088   0.01     132      20      0.00      0.07      0.00       0      0.05      0.02  psql -v ON_ERROR_STOP=1 -X -e 
01:19:38 AM    26      9712    0.45    0.18    0.00    0.12    0.63     1     60.27      0.00  507596   53116   0.08     132      36      0.00   1409.20      0.00       0      0.28      3.22  postgres: postgres dbt3 [local] SELECT                                                                 
01:19:38 AM    26      9713    0.43    0.17    0.00    0.12    0.60     0     48.77      0.00  509252   42788   0.07     132      36      0.00   1489.07      0.00       0      1.23      0.52  postgres: parallel worker for PID 9712                                                                 
01:19:38 AM    26      9714    0.45    0.15    0.00    0.15    0.60     5     46.37      0.00  509172   47600   0.07     132      36      0.00   1365.87      0.00       0      1.07     13.62  postgres: parallel worker for PID 9712                                                                 
01:19:38 AM    26     12083    0.00    0.00    0.00    0.00    0.00     0      0.00      0.00  217196     988   0.00     132      24      0.00      0.07      0.00       0      0.02      0.00  sar -o /tmp/r1/load//sar_raw.out 60 
01:19:38 AM    26     12084    0.00    0.10    0.00    0.17    0.10     0      0.00      0.00  220404    4984   0.01     132      24      0.00      0.20      0.00       0      0.15      0.18  pidstat -h -l -d -r -s -u -w 60 
01:19:38 AM    26     12086    0.00    0.00    0.00    0.02    0.00     2      0.00      0.00  222836    1436   0.00     132      20      0.00      0.33      0.00       0      0.05      1.02  sadc 60 -Z -S XALL /tmp/r1/load//sar_raw.out 
01:19:38 AM    26     12144    0.00    0.00    0.00    0.00    0.00     3      0.00      0.00  217196     884   0.00     132      24      0.00      0.07      0.00       0      0.05      0.02  sar -o /tmp/r1/load//sar_raw.out 60 
01:19:38 AM    26     12145    0.02    0.10    0.00    0.02    0.12     2      0.00      0.00  220476    4944   0.01     132      24      0.00      0.20      0.00       0      0.15      1.05  pidstat -h -l -d -r -s -u -w 60 
01:19:38 AM    26     12147    0.00    0.00    0.00    0.02    0.00     3      0.00      0.00  222836    1212   0.00     132      24      0.00      0.40      0.00       0      0.62      0.68  sadc 60 -Z -S XALL /tmp/r1/load//sar_raw.out 

# Time        UID       PID    %usr %system  %guest   %wait    %CPU   CPU  minflt/s  majflt/s     VSZ     RSS   %MEM StkSize  StkRef   kB_rd/s   kB_wr/s kB_ccwr/s iodelay   cswch/s nvcswch/s  Command
01:20:38 AM    26      8472    0.00    0.05    0.00    0.00    0.05     3      8.40      0.00  497240   24884   0.04     132      36      0.00  23792.80  23772.27       0      1.18      0.12  /usr/pgsql-14/bin/postgres -D /var/lib/pgsql/local/dbt3/pgdata -c unix_socket_directories=/tmp -p 5432 
01:20:38 AM    26      8475    0.00    0.02    0.00    0.03    0.02     3      0.00      0.00  497464  131684   0.20     132      32      0.00      0.27      0.00       0      3.90      2.22  postgres: checkpointer                                                                                 
01:20:38 AM    26      8476    0.33    0.00    0.00    0.03    0.33     1      0.03      0.00  497240  142704   0.22     132      32      0.00      1.87      0.00       0      5.17      0.13  postgres: background writer                                                                            
01:20:38 AM    26      8477    0.00    0.00    0.00    0.03    0.00     4      0.00      0.00  497240   10584   0.02     132      28      0.00      0.53      0.00       0      3.10      0.07  postgres: walwriter                                                                                    
01:20:38 AM    26      8478    0.00    0.00    0.00    0.00    0.00     3      0.18      0.00  497808   10488   0.02     132      16      0.00      0.00      0.00       0      0.13      0.00  postgres: autovacuum launcher                                                                          
01:20:38 AM    26      8479    0.03    0.03    0.00    0.03    0.07     1      0.00      0.00  351968    5284   0.01     132      20      0.00      1.53      0.00       0     22.48      0.40  postgres: stats collector                                                                              
01:20:38 AM    26      8492    0.00    0.00    0.00    0.00    0.00     1      0.00      0.00  217196     888   0.00     132      24      0.00      0.07      0.00       0      0.75      0.00  sar -o /tmp/r10/throughput/sar_raw.out 60 
01:20:38 AM    26      8493    0.02    0.08    0.00    0.10    0.10     1      0.00      0.00  220896    5028   0.01     132      20      0.00      0.20      0.00       0      0.07      1.87  pidstat -h -l -d -r -s -u -w 60 
01:20:38 AM    26      8494    0.00    0.00    0.00    0.00    0.00     2      1.90      0.00  222524    3196   0.00     132      16      0.00      1.00      0.00       0      0.10      0.02  /bin/sh /bin/dbt3-pgsql-dbstat /tmp/r10/throughput 
01:20:38 AM    26      8495    0.00    0.02    0.00    0.00    0.02     1      0.00      0.00  222836    1396   0.00     132      20      0.00      0.33      0.00       0      0.08      1.72  sadc 60 -Z -S XALL /tmp/r10/throughput/sar_raw.out 
01:20:38 AM    26      8498    0.00    0.00    0.00    0.00    0.00     5      2.60      0.00  222656    3256   0.00     132      16      0.00      0.20      0.00       0      0.12      0.02  /bin/sh /bin/dbt3-throughput-stream -f 10 -t 1 -o /tmp/r10/throughput -s /tmp/r10/seed 
01:20:38 AM    26      8499    0.00    0.00    0.00    0.00    0.00     0      2.82      0.00  222656    3232   0.00     132      12      0.00      0.20      0.00       0      0.12      0.03  /bin/sh /bin/dbt3-throughput-stream -f 10 -t 2 -o /tmp/r10/throughput -s /tmp/r10/seed 
01:20:38 AM    26      8500    0.00    0.00    0.00    0.00    0.00     3     10.97      0.00  222652    3192   0.00     132      16      0.00      6.07      0.20       0      0.50      0.13  /bin/sh /bin/dbt3-throughput-stream -f 10 -t 3 -o /tmp/r10/throughput -s /tmp/r10/seed 
01:20:38 AM    26      9720    0.00    0.00    0.00    0.00    0.00     4      1.42      0.00  217080     844   0.00     132      12      0.00      0.00      0.00       0      0.02      0.47  sleep 60 
01:20:38 AM    26      9794    0.00    0.00    0.00    0.00    0.00     4      5.53      0.00  274076    6192   0.01     132      20      0.00      0.07      0.00       0      0.05      0.00  psql -v ON_ERROR_STOP=1 -X -e 
01:20:38 AM    26      9795    8.93    3.02    0.00    2.40   11.95     1    155.08      0.00  513928  156232   0.24     132      36      0.00   4952.00      0.00       0      5.25     10.20  postgres: postgres dbt3 [local] SELECT                                                                 
01:20:38 AM    26      9796    9.18    3.12    0.00    2.05   12.30     4    132.28      0.00  517444  155784   0.24     132      36      0.00   4877.87      0.00       0      6.35     20.72  postgres: parallel worker for PID 9795                                                                 
01:20:38 AM    26      9797    9.52    3.23    0.00    1.57   12.75     4    160.05      0.00  513268  155916   0.24     132      36      0.00   5407.47      0.00       0      6.33     31.90  postgres: parallel worker for PID 9795                                                                 
01:20:38 AM    26      9808    0.00    0.00    0.00    0.02    0.00     3      5.57      0.00  274076    6312   0.01     132      20      0.00      0.07      0.00       0      0.05      0.02  psql -v ON_ERROR_STOP=1 -X -e 
01:20:38 AM    26      9809    6.62    3.98    0.00    1.83   10.60     0    583.22      0.00  505764  152144   0.23     132      36      0.00   4466.67      0.00       0      3.58     11.50  postgres: postgres dbt3 [local] SELECT                                                                 
01:20:38 AM    26      9810    0.23    0.08    0.00    0.05    0.32     3    253.78      0.00  498680   84812   0.13     132      36      0.00      0.00      0.00       0      0.63      0.45  postgres: parallel worker for PID 9809                                                                 
01:20:38 AM    26      9811    0.23    0.08    0.00    0.25    0.32     2    236.73      0.00  498680   88808   0.14     132      36      0.00      0.00      0.00       0      0.73      0.38  postgres: parallel worker for PID 9809                                                                 
01:20:38 AM    26      9822    0.00    0.00    0.00    0.00    0.00     0      5.58      0.00  274076    6312   0.01     132      20      0.00      0.07      0.00       0      0.05      0.00  psql -v ON_ERROR_STOP=1 -X -e 
01:20:38 AM    26      9823    7.43    1.08    0.00    1.87    8.52     5    135.83      0.00  514864  151968   0.23     132      24      0.00   4270.40      0.00       0      0.55     11.77  postgres: postgres dbt3 [local] SELECT                                                                 
01:20:38 AM    26      9824    7.27    1.20    0.00    1.92    8.47     3    297.75      0.00  505180  141804   0.22     132      36      0.00   4278.93      0.00       0      1.63     11.42  postgres: parallel worker for PID 9823                                                                 
01:20:38 AM    26      9825    7.58    1.15    0.00    1.67    8.73     2    172.05      0.00  509276  148672   0.23     132      36      0.00   4293.87      0.00       0      1.55     10.65  postgres: parallel worker for PID 9823                                                                 
01:20:38 AM    26     12083    0.00    0.00    0.00    0.00    0.00     5      0.00      0.00  217196     988   0.00     132      24      0.00      0.07      0.00       0      0.03      0.00  sar -o /tmp/r1/load//sar_raw.out 60 
01:20:38 AM    26     12084    0.03    0.12    0.00    0.02    0.15     2      0.00      0.00  220404    4984   0.01     132      24      0.00      0.20      0.00       0      0.03      0.48  pidstat -h -l -d -r -s -u -w 60 
01:20:38 AM    26     12086    0.00    0.00    0.00    0.00    0.00     5      0.00      0.00  222836    1436   0.00     132      20      0.00      0.40      0.00       0      0.20      0.78  sadc 60 -Z -S XALL /tmp/r1/load//sar_raw.out 
01:20:38 AM    26     12144    0.00    0.00    0.00    0.00    0.00     3      0.00      0.00  217196     884   0.00     132      24      0.00      0.07      0.00       0      0.02      0.00  sar -o /tmp/r1/load//sar_raw.out 60 
01:20:38 AM    26     12145    0.02    0.08    0.00    0.12    0.10     4      0.00      0.00  220476    4944   0.01     132      24      0.00      0.20      0.00       0      0.05      0.88  pidstat -h -l -d -r -s -u -w 60 
01:20:38 AM    26     12147    0.00    0.02    0.00    0.00    0.02     4      0.00      0.00  222836    1212   0.00     132      24      0.00      0.33      0.00       0      0.05      0.98  sadc 60 -Z -S XALL /tmp/r1/load//sar_raw.out 

# Time        UID       PID    %usr %system  %guest   %wait    %CPU   CPU  minflt/s  majflt/s     VSZ     RSS   %MEM StkSize  StkRef   kB_rd/s   kB_wr/s kB_ccwr/s iodelay   cswch/s nvcswch/s  Command
01:21:38 AM    26      8472    0.02    0.03    0.00    0.00    0.05     0     11.43      0.00  497240   24884   0.04     132      36      0.00  55893.60  43037.07       0      1.65      0.18  /usr/pgsql-14/bin/postgres -D /var/lib/pgsql/local/dbt3/pgdata -c unix_socket_directories=/tmp -p 5432 
01:21:38 AM    26      8476    0.33    0.02    0.00    0.07    0.35     4      0.00      0.00  497240  142704   0.22     132      32      0.00      6.27      0.00       0      5.58      0.13  postgres: background writer                                                                            
01:21:38 AM    26      8477    0.02    0.00    0.00    0.00    0.02     3      0.00      0.00  497240   10584   0.02     132      28      0.00      0.40      0.00       0      3.18      0.05  postgres: walwriter                                                                                    
01:21:38 AM    26      8478    0.00    0.00    0.00    0.00    0.00     5      0.17      0.00  497808   10488   0.02     132      16      0.00      0.00      0.00       0      0.13      0.00  postgres: autovacuum launcher                                                                          
01:21:38 AM    26      8479    0.02    0.03    0.00    0.08    0.05     5      0.00      0.00  351968    5284   0.01     132      20      0.00      1.53      0.00       0     33.15      0.25  postgres: stats collector                                                                              
01:21:38 AM    26      8480    0.00    0.00    0.00    0.00    0.00     3      0.02      0.00  497668    6920   0.01     132      16      0.00      0.00      0.00       0      0.02      0.00  postgres: logical replication launcher                                                                 
01:21:38 AM    26      8492    0.00    0.00    0.00    0.00    0.00     1      0.00      0.00  217196     888   0.00     132      24      0.00      0.07      0.00       0      0.02      0.00  sar -o /tmp/r10/throughput/sar_raw.out 60 
01:21:38 AM    26      8493    0.03    0.08    0.00    0.18    0.12     1      0.00      0.00  220896    5028   0.01     132      20      0.00      0.20      0.00       0      0.02      0.45  pidstat -h -l -d -r -s -u -w 60 
01:21:38 AM    26      8494    0.00    0.00    0.00    0.00    0.00     1      1.90      0.00  222524    3196   0.00     132      16      0.00      0.93      0.00       0      0.10      0.00  /bin/sh /bin/dbt3-pgsql-dbstat /tmp/r10/throughput 
01:21:38 AM    26      8495    0.02    0.00    0.00    0.02    0.02     1      0.00      0.00  222836    1396   0.00     132      20      0.00      0.40      0.00       0      0.07      1.00  sadc 60 -Z -S XALL /tmp/r10/throughput/sar_raw.out 
01:21:38 AM    26      8498    0.02    0.02    0.00    0.00    0.03     2     12.87      0.00  222656    3260   0.00     132      16      0.00      1.13      0.27       0      0.67      0.18  /bin/sh /bin/dbt3-throughput-stream -f 10 -t 1 -o /tmp/r10/throughput -s /tmp/r10/seed 
01:21:38 AM    26      8499    0.00    0.00    0.00    0.00    0.00     3      2.92      0.00  222656    3232   0.00     132      12      0.00      0.33      0.00       0      0.12      0.02  /bin/sh /bin/dbt3-throughput-stream -f 10 -t 2 -o /tmp/r10/throughput -s /tmp/r10/seed 
01:21:38 AM    26      8500    0.00    0.02    0.00    0.00    0.02     4      8.22      0.00  222652    3196   0.00     132      16      0.00      0.80      0.20       0      0.37      0.07  /bin/sh /bin/dbt3-throughput-stream -f 10 -t 3 -o /tmp/r10/throughput -s /tmp/r10/seed 
01:21:38 AM    26      9832    0.00    0.00    0.00    0.00    0.00     0      1.35      0.00  217080     952   0.00     132      12      0.00      0.00      0.00       0      0.02      0.05  sleep 60 
01:21:38 AM    26      9896    0.00    0.00    0.00    0.00    0.00     4      5.47      0.00  274076    6180   0.01     132      20      0.00      0.07      0.00       0      0.05      0.00  psql -v ON_ERROR_STOP=1 -X -e 
01:21:38 AM    26      9897   16.30   13.15    0.00   25.00   29.45     4    493.77      0.00  499788  146756   0.22     132      36      0.00      6.00      0.00       0   2316.75     34.07  postgres: postgres dbt3 [local] SELECT                                                                 
01:21:38 AM    26      9898   22.38   18.88    0.00   31.42   41.27     5    495.10      0.00  498836  144916   0.22     132      36      0.00     10.67      0.00       0     22.97    700.38  postgres: parallel worker for PID 9897                                                                 
01:21:38 AM    26      9899   22.33   18.55    0.00   31.57   40.88     4    522.28      0.02  498836  145004   0.22     132      36      0.00     10.80      0.00       0     23.48    737.47  postgres: parallel worker for PID 9897                                                                 
01:21:38 AM    26      9961    0.00    0.00    0.00    0.02    0.00     5      5.50      0.00  274076    6184   0.01     132      24      0.00      0.07      0.00       0      0.05      0.02  psql -v ON_ERROR_STOP=1 -X -e 
01:21:38 AM    26      9962   15.28    6.95    0.00   16.23   22.23     0    549.08      0.00  520436  163676   0.25     132      28      0.00    633.87      0.00       0     13.62    158.80  postgres: postgres dbt3 [local] SELECT                                                                 
01:21:38 AM    26      9963   15.55    7.43    0.00   15.30   22.98     0    522.22      0.00  517540  160188   0.24     132      36      0.00    659.87      0.00       0     14.30    121.78  postgres: parallel worker for PID 9962                                                                 
01:21:38 AM    26      9964   15.57    7.35    0.00   15.23   22.92     1    529.28      0.00  517540  160308   0.24     132      36      0.00    661.47      0.00       0     13.60    120.25  postgres: parallel worker for PID 9962                                                                 
01:21:38 AM    26      9975    0.00    0.00    0.00    0.00    0.00     0      5.48      0.00  274076    5936   0.01     132      24      0.00      0.07      0.00       0      0.05      0.02  psql -v ON_ERROR_STOP=1 -X -e 
01:21:38 AM    26      9976   28.00    0.70    0.00    3.65   28.70     2     27.97      0.00  499732   45392   0.07     132      20      0.00      0.00      0.00       0      1.88     65.63  postgres: postgres dbt3 [local] SELECT                                                                 
01:21:38 AM    26      9977   28.50    0.75    0.00    3.05   29.25     3     21.18      0.00  498800   42844   0.07     132      36      0.00      0.00      0.00       0      2.08     58.37  postgres: parallel worker for PID 9976                                                                 
01:21:38 AM    26      9978   28.72    0.77    0.00    2.95   29.48     5     20.63      0.00  498800   48228   0.07     132      36      0.00      0.00      0.00       0      1.80     39.00  postgres: parallel worker for PID 9976                                                                 
01:21:38 AM    26     12083    0.00    0.00    0.00    0.00    0.00     5      0.00      0.00  217196     988   0.00     132      24      0.00      0.07      0.00       0      0.02      0.00  sar -o /tmp/r1/load//sar_raw.out 60 
01:21:38 AM    26     12084    0.02    0.07    0.00    0.00    0.08     2      0.00      0.00  220404    4984   0.01     132      24      0.00      0.20      0.00       0      0.15      0.05  pidstat -h -l -d -r -s -u -w 60 
01:21:38 AM    26     12086    0.00    0.02    0.00    0.00    0.02     4      0.00      0.00  222836    1436   0.00     132      20      0.00      0.33      0.00       0      0.82      0.12  sadc 60 -Z -S XALL /tmp/r1/load//sar_raw.out 
01:21:38 AM    26     12144    0.00    0.00    0.00    0.00    0.00     3      0.00      0.00  217196     884   0.00     132      24      0.00      0.07      0.00       0      0.02      0.00  sar -o /tmp/r1/load//sar_raw.out 60 
01:21:38 AM    26     12145    0.03    0.10    0.00    0.13    0.13     3      0.00      0.00  220476    4944   0.01     132      24      0.00      0.20      0.00       0      0.02      0.28  pidstat -h -l -d -r -s -u -w 60 
01:21:38 AM    26     12147    0.00    0.00    0.00    0.02    0.00     4      0.00      0.00  222836    1212   0.00     132      24      0.00      0.40      0.00       0      0.03      1.00  sadc 60 -Z -S XALL /tmp/r1/load//sar_raw.out 

# Time        UID       PID    %usr %system  %guest   %wait    %CPU   CPU  minflt/s  majflt/s     VSZ     RSS   %MEM StkSize  StkRef   kB_rd/s   kB_wr/s kB_ccwr/s iodelay   cswch/s nvcswch/s  Command
01:22:38 AM    26      8472    0.00    0.05    0.00    0.02    0.05     4     10.35      0.00  497240   24884   0.04     132      36      0.00  22666.40  19801.87       0      1.47      0.13  /usr/pgsql-14/bin/postgres -D /var/lib/pgsql/local/dbt3/pgdata -c unix_socket_directories=/tmp -p 5432 
01:22:38 AM    26      8475    0.00    0.00    0.00    0.02    0.00     2      0.00      0.00  497464  131684   0.20     132      32      0.00      0.47      0.00       0      1.50      1.83  postgres: checkpointer                                                                                 
01:22:38 AM    26      8476    0.25    0.02    0.00    0.02    0.27     0      0.00      0.00  497240  142704   0.22     132      32      0.00      6.13      0.00       0      4.73      0.22  postgres: background writer                                                                            
01:22:38 AM    26      8477    0.00    0.00    0.00    0.02    0.00     4      0.00      0.00  497240   10584   0.02     132      28      0.00      0.40      0.00       0      2.35      0.08  postgres: walwriter                                                                                    
01:22:38 AM    26      8478    0.00    0.00    0.00    0.00    0.00     4      0.10      0.00  497808   10488   0.02     132      16      0.00      0.00      0.00       0      0.25      0.00  postgres: autovacuum launcher                                                                          
01:22:38 AM    26      8479    0.02    0.05    0.00    0.05    0.07     4      0.00      0.00  351968    5284   0.01     132      20      0.00      1.53      0.00       0     33.75      0.33  postgres: stats collector                                                                              
01:22:38 AM    26      8492    0.00    0.00    0.00    0.00    0.00     1      0.00      0.00  217196     888   0.00     132      24      0.00      0.07      0.00       0      0.75      0.00  sar -o /tmp/r10/throughput/sar_raw.out 60 
01:22:38 AM    26      8493    0.03    0.12    0.00    0.08    0.15     1      0.00      0.00  220896    5028   0.01     132      20      0.00      0.20      0.00       0      0.02      0.40  pidstat -h -l -d -r -s -u -w 60 
01:22:38 AM    26      8494    0.00    0.00    0.00    0.00    0.00     1      1.95      0.00  222524    3196   0.00     132      16      0.00      1.00      0.00       0      0.10      0.02  /bin/sh /bin/dbt3-pgsql-dbstat /tmp/r10/throughput 
01:22:38 AM    26      8495    0.00    0.00    0.00    0.00    0.00     1      0.00      0.00  222836    1396   0.00     132      20      0.00      0.33      0.00       0      0.03      1.75  sadc 60 -Z -S XALL /tmp/r10/throughput/sar_raw.out 
01:22:38 AM    26      8498    0.00    0.00    0.00    0.00    0.00     3      5.27      0.00  222656    3264   0.00     132      16      0.00      0.47      0.07       0      0.27      0.08  /bin/sh /bin/dbt3-throughput-stream -f 10 -t 1 -o /tmp/r10/throughput -s /tmp/r10/seed 
01:22:38 AM    26      8499    0.00    0.02    0.00    0.00    0.02     2      8.60      0.00  222656    3232   0.00     132      12      0.00      2.13      0.13       0      0.40      0.08  /bin/sh /bin/dbt3-throughput-stream -f 10 -t 2 -o /tmp/r10/throughput -s /tmp/r10/seed 
01:22:38 AM    26      8500    0.02    0.00    0.00    0.00    0.02     4      8.32      0.00  222652    3196   0.00     132      16      0.00     29.47      0.13       0      0.38      0.05  /bin/sh /bin/dbt3-throughput-stream -f 10 -t 3 -o /tmp/r10/throughput -s /tmp/r10/seed 
01:22:38 AM    26      9985    0.00    0.00    0.00    0.02    0.00     0      1.38      0.00  217080     840   0.00     132      12      0.00      0.00      0.00       0      0.02      0.00  sleep 60 
01:22:38 AM    26     10026    0.00    0.00    0.00    0.00    0.00     3      5.52      0.00  274076    6192   0.01     132      20      0.00      0.07      0.00       0      0.05      0.02  psql -v ON_ERROR_STOP=1 -X -e 
01:22:38 AM    26     10027   47.48    1.05    0.00    7.87   48.53     1     24.62      0.00  499732   39500   0.06     132      20      0.00      0.00      0.00       0      1.30    116.07  postgres: postgres dbt3 [local] SELECT                                                                 
01:22:38 AM    26     10028   44.45    1.05    0.00   11.05   45.50     4     16.82      0.00  498800   36912   0.06     132      36      0.00      0.00      0.00       0      1.55    125.67  postgres: parallel worker for PID 10027                                                                
01:22:38 AM    26     10029   45.68    1.03    0.00    9.78   46.72     2     17.33      0.00  498800   36340   0.06     132      36      0.00      0.00      0.00       0      1.67     56.45  postgres: parallel worker for PID 10027                                                                
01:22:38 AM    26     10103    0.00    0.00    0.00    0.00    0.00     4      5.53      0.00  274076    6092   0.01     132      24      0.00      0.07      0.00       0      0.05      0.02  psql -v ON_ERROR_STOP=1 -X -e 
01:22:38 AM    26     10106    6.60    1.05    0.00    2.38    7.65     0     84.85      0.00  522788   43024   0.07     132      24      0.00   3185.60      0.00       0      1.30      7.03  postgres: postgres dbt3 [local] SELECT                                                                 
01:22:38 AM    26     10111    6.22    1.00    0.00    2.83    7.22     3     65.25      0.00  521688   31748   0.05     132      36      0.00   2951.47      0.00       0      1.10      7.42  postgres: parallel worker for PID 10106                                                                
01:22:38 AM    26     10112    6.43    1.07    0.00    2.55    7.50     3     70.28      0.00  521688   38912   0.06     132      36      0.00   3095.47      0.00       0      1.03      8.17  postgres: parallel worker for PID 10106                                                                
01:22:38 AM    26     10114    0.00    0.00    0.00    0.03    0.00     1      5.55      0.00  274076    6256   0.01     132      20      0.00      0.07      0.00       0      0.05      0.07  psql -v ON_ERROR_STOP=1 -X -e 
01:22:38 AM    26     10115    4.02    0.67    0.00    2.88    4.68     5     70.02      0.00  522828   35580   0.05     132      24      0.00   2064.67      0.00       0      0.90      4.62  postgres: postgres dbt3 [local] SELECT                                                                 
01:22:38 AM    26     10116    3.45    0.57    0.00    3.52    4.02     5     38.72      0.00  521696   28488   0.04     132      36      0.00   1719.60      0.00       0      0.88      4.88  postgres: parallel worker for PID 10115                                                                
01:22:38 AM    26     10117    4.13    0.67    0.00    2.73    4.80     2     59.55      0.00  521696   32368   0.05     132      36      0.00   2011.33      0.00       0      0.95      4.42  postgres: parallel worker for PID 10115                                                                
01:22:38 AM    26     12083    0.00    0.00    0.00    0.00    0.00     2      0.00      0.00  217196     988   0.00     132      24      0.00      0.07      0.00       0      0.02      0.00  sar -o /tmp/r1/load//sar_raw.out 60 
01:22:38 AM    26     12084    0.02    0.10    0.00    0.08    0.12     1      0.00      0.00  220404    4984   0.01     132      24      0.00      0.20      0.00       0      0.05      0.93  pidstat -h -l -d -r -s -u -w 60 
01:22:38 AM    26     12086    0.02    0.00    0.00    0.00    0.02     2      0.00      0.00  222836    1436   0.00     132      20      0.00      0.33      0.00       0      0.60      0.35  sadc 60 -Z -S XALL /tmp/r1/load//sar_raw.out 
01:22:38 AM    26     12144    0.00    0.00    0.00    0.00    0.00     3      0.00      0.00  217196     884   0.00     132      24      0.00      0.07      0.00       0      0.02      0.00  sar -o /tmp/r1/load//sar_raw.out 60 
01:22:38 AM    26     12145    0.02    0.08    0.00    0.00    0.10     3      0.00      0.00  220476    4944   0.01     132      24      0.00      0.20      0.00       0      0.08      0.45  pidstat -h -l -d -r -s -u -w 60 
01:22:38 AM    26     12147    0.02    0.00    0.00    0.00    0.02     1      0.00      0.00  222836    1212   0.00     132      24      0.00      0.33      0.00       0      0.07      0.97  sadc 60 -Z -S XALL /tmp/r1/load//sar_raw.out 
