Linux 5.15.41-gentoo-x86_64-zbkstdxg5 (pgsql1.dbt3.internal) 	06/01/2022 	_x86_64_	(6 CPU)

# Time        UID       PID    %usr %system  %guest   %wait    %CPU   CPU  minflt/s  majflt/s     VSZ     RSS   %MEM StkSize  StkRef   kB_rd/s   kB_wr/s kB_ccwr/s iodelay   cswch/s nvcswch/s  Command
11:27:04 PM    26      8592    0.02    0.12    0.00    0.00    0.13     4     33.99      0.00  497244   24828   0.04     132      36      0.00 115978.00  59078.89       0      4.85      0.33  /usr/pgsql-14/bin/postgres -D /pgdata/dbt3/pgdata -p 5432 
11:27:04 PM    26      8593    0.00    0.00    0.00    0.00    0.00     5      0.00      0.00  349712    5216   0.01     132      20      0.00      0.07      0.00       0      0.07      0.00  postgres: logger                                          
11:27:04 PM    26      8595    0.10    1.42    0.00    4.05    1.52     0     37.46      1.32  497468  135036   0.21     132      28      0.00   5145.88      0.00       0     46.01    630.13  postgres: checkpointer                                    
11:27:04 PM    26      8596    0.13    0.37    0.00    0.55    0.50     3     37.24      0.00  497244  142312   0.22     132      28      0.00   2100.18      0.00       0      7.28    116.83  postgres: background writer                               
11:27:04 PM    26      8597    0.07    0.40    0.00    0.90    0.47     3      0.00      0.00  497244   10404   0.02     132      24      0.00   4163.97      0.00       0     59.66     11.65  postgres: walwriter                                       
11:27:04 PM    26      8598    0.00    0.00    0.00    0.00    0.00     4      0.15      0.00  497812    8860   0.01     132      16      0.00      0.00      0.00       0      0.13      0.00  postgres: autovacuum launcher                             
11:27:04 PM    26      8599    0.02    0.05    0.00    0.25    0.07     5      0.00      0.00  351972    5244   0.01     132      16      0.00      2.07      0.53       0     40.89      0.85  postgres: stats collector                                 
11:27:04 PM    26      8612    0.00    0.00    0.00    0.00    0.00     2      0.00      0.00  217200     868   0.00     132      24      0.00      0.07      0.00       0      0.03      0.00  sar -o /tmp/r10e/throughput/sar_raw.out 60 
11:27:04 PM    26      8613    0.00    0.03    0.00    0.03    0.03     0      9.63      0.00  220648    4196   0.01     132      24      0.00      0.00      0.00       0      0.12      0.23  pidstat -h -l -d -r -s -u -w 60 
11:27:04 PM    26      8614    0.00    0.00    0.00    0.00    0.00     4      5.88      0.00  222528    3136   0.00     132      12      0.00      1.47      0.00       0      0.18      0.03  /bin/sh /usr/local/bin/dbt3-pgsql-dbstat /tmp/r10e/throughput 
11:27:04 PM    26      8615    0.00    0.00    0.00    0.00    0.00     2      0.00      0.00  222840    1260   0.00     132      20      0.00      0.67      0.00       0      0.17      1.00  sadc 60 -Z -S XALL /tmp/r10e/throughput/sar_raw.out 
11:27:04 PM    26      8616    0.00    0.00    0.00    0.00    0.00     5      8.47      0.00  222528    3100   0.00     132      16      0.00    154.24      0.13       0      0.53      0.72  /bin/sh /usr/local/bin/dbt3-throughput-stream-wrapper -f 10 -n 3 -e -o /tmp/r10e/throughput -s /tmp/r10e/seed 
11:27:04 PM    26      8618    0.00    0.02    0.00    0.00    0.02     2     44.48      0.00  222660    3284   0.00     132      16      0.00      3.93      1.60       0      2.35      0.30  /bin/sh /usr/local/bin/dbt3-throughput-stream -f 10 -t 1 -e -o /tmp/r10e/throughput -s /tmp/r10e/seed 
11:27:04 PM    26      8619    0.02    0.02    0.00    0.00    0.03     3     51.56      0.00  222656    3264   0.00     132      16      0.00     33.19      1.80       0      2.67      0.17  /bin/sh /usr/local/bin/dbt3-throughput-stream -f 10 -t 2 -e -o /tmp/r10e/throughput -s /tmp/r10e/seed 
11:27:04 PM    26      8620    0.02    0.02    0.00    0.00    0.03     1     52.74      0.00  222660    3220   0.00     132      16      0.00      4.33      1.80       0      2.72      0.13  /bin/sh /usr/local/bin/dbt3-throughput-stream -f 10 -t 3 -e -o /tmp/r10e/throughput -s /tmp/r10e/seed 
11:27:04 PM    26      9219    0.00    0.00    0.00    0.00    0.00     0      5.50      0.00  274080    6032   0.01     132      20      0.00      0.07      0.00       0      0.15      0.02  psql -v ON_ERROR_STOP=1 -X -e 
11:27:04 PM    26      9220   20.73    2.98    0.00   16.03   23.71     1    133.81      0.00  531516   51604   0.08     132      36      0.00   6564.77      0.00       0      4.42     72.55  postgres: postgres dbt3 [local] SELECT                    
11:27:04 PM    26      9221   19.26    2.95    0.00   14.60   22.21     2     98.50      0.00  529752   50100   0.08     132      36      0.00   6691.15      0.00       0     29.08     38.83  postgres: parallel worker for PID 9220                    
11:27:04 PM    26      9222   18.48    2.83    0.00   15.15   21.31     3     96.58      0.00  529752   44620   0.07     132      36      0.00   6128.18      0.00       0     23.05     36.53  postgres: parallel worker for PID 9220                    
11:27:04 PM    26      9272    0.00    0.00    0.00    0.00    0.00     2      5.25      0.00  222528    3148   0.00     132      16      0.00    153.04      0.00       0      0.22      0.02  /bin/sh /usr/local/bin/dbt3-pgsql-rf1 -e -f 10 
11:27:04 PM    26      9286    0.00    0.00    0.00    0.00    0.00     2      5.55      0.00  274080    6080   0.01     132      20      0.00      0.07      0.00       0      0.15      0.00  psql -v ON_ERROR_STOP=1 -X -e 
11:27:04 PM    26      9287   14.11    1.13    0.00    8.22   15.25     2     74.17      0.00  509932  153736   0.23     132      24      0.00   4515.78      0.00       0      1.68     39.93  postgres: postgres dbt3 [local] SELECT                    
11:27:04 PM    26      9288   14.33    1.25    0.00    7.80   15.58     2    140.93      0.00  511356  153532   0.23     132      36      0.00   5193.27      0.00       0      1.87     18.01  postgres: parallel worker for PID 9287                    
11:27:04 PM    26      9289   13.61    1.07    0.00    8.73   14.68     4     78.92      0.00  515452  153548   0.23     132      36      0.00   4180.50      0.00       0      1.52    108.92  postgres: parallel worker for PID 9287                    
11:27:04 PM    26      9312    0.00    0.00    0.00    0.02    0.00     1      5.52      0.00  274080    6068   0.01     132      20      0.00      0.07      0.00       0      0.15      0.02  psql -v ON_ERROR_STOP=1 -X -e 
11:27:04 PM    26      9313    4.68    0.43    0.00    4.35    5.12     0    115.81      0.00  517816   62172   0.09     132      20      0.00    355.94      0.00       0      1.23     10.65  postgres: postgres dbt3 [local] SELECT                    
11:27:04 PM    26      9314    4.27    0.42    0.00    4.72    4.68     0    102.70      0.00  516028   53852   0.08     132      36      0.00    324.48      0.00       0      1.03     12.50  postgres: parallel worker for PID 9313                    
11:27:04 PM    26      9315    5.58    0.52    0.00    3.32    6.10     3     98.18      0.00  516044   53384   0.08     132      36      0.00    427.00      0.00       0      1.08     12.81  postgres: parallel worker for PID 9313                    
11:27:04 PM    26      9319    0.00    0.00    0.00    0.03    0.00     0      5.93      0.00  274080    5920   0.01     132      20      0.00      0.07      0.00       0      0.15      0.03  psql -X -v ON_ERROR_STOP=1 
11:27:04 PM    26      9320    1.15    0.63    0.00    1.95    1.78     1    510.76      0.00  500780  144072   0.22     132      28      0.00   3684.72      0.00       0      3.92     28.91  postgres: postgres dbt3 [local] COPY                      

# Time        UID       PID    %usr %system  %guest   %wait    %CPU   CPU  minflt/s  majflt/s     VSZ     RSS   %MEM StkSize  StkRef   kB_rd/s   kB_wr/s kB_ccwr/s iodelay   cswch/s nvcswch/s  Command
11:28:04 PM    26      8592    0.00    0.02    0.00    0.00    0.02     1      5.45      0.00  497244   24828   0.04     132      36      0.00  45559.60  22279.60       0      0.85      0.12  /usr/pgsql-14/bin/postgres -D /pgdata/dbt3/pgdata -p 5432 
11:28:04 PM    26      8593    0.00    0.00    0.00    0.00    0.00     5      0.00      0.00  349712    5216   0.01     132      20      0.00      0.13      0.00       0      0.05      0.00  postgres: logger                                          
11:28:04 PM    26      8595    0.08    1.35    0.00    3.40    1.43     3      0.60      0.00  497468  139240   0.21     132      28      0.00   2238.33      0.00       0     44.50    685.67  postgres: checkpointer                                    
11:28:04 PM    26      8596    0.23    0.55    0.00    1.28    0.78     1      0.40      0.00  497244  142312   0.22     132      32      0.00   3783.27      0.00       0     12.38    159.08  postgres: background writer                               
11:28:04 PM    26      8597    0.10    0.30    0.00    0.77    0.40     1      0.00      0.00  497244   10404   0.02     132      24      0.00   4472.00      0.00       0     27.42      5.05  postgres: walwriter                                       
11:28:04 PM    26      8598    0.00    0.00    0.00    0.00    0.00     1      0.22      0.00  497812    8860   0.01     132      16      0.00      0.00      0.00       0      0.13      0.00  postgres: autovacuum launcher                             
11:28:04 PM    26      8599    0.02    0.05    0.00    0.33    0.07     1      0.00      0.00  351972    5244   0.01     132      16      0.00      1.53      0.00       0     33.38      0.52  postgres: stats collector                                 
11:28:04 PM    26      8612    0.00    0.00    0.00    0.00    0.00     2      0.00      0.00  217200     868   0.00     132      24      0.00      0.07      0.00       0      0.02      0.00  sar -o /tmp/r10e/throughput/sar_raw.out 60 
11:28:04 PM    26      8613    0.03    0.10    0.00    0.12    0.13     5      2.15      0.00  220648    4724   0.01     132      24      0.00      0.13      0.00       0      0.02      0.77  pidstat -h -l -d -r -s -u -w 60 
11:28:04 PM    26      8614    0.00    0.00    0.00    0.00    0.00     4      0.03      0.00  222528    3136   0.00     132      12      0.00      1.33      0.00       0      0.08      0.02  /bin/sh /usr/local/bin/dbt3-pgsql-dbstat /tmp/r10e/throughput 
11:28:04 PM    26      8615    0.00    0.00    0.00    0.02    0.00     2      0.00      0.00  222840    1260   0.00     132      20      0.00      0.33      0.00       0      0.10      0.98  sadc 60 -Z -S XALL /tmp/r10e/throughput/sar_raw.out 
11:28:04 PM    26      8616    0.00    0.00    0.00    0.00    0.00     3      6.72      0.00  222528    3100   0.00     132      16      0.00    153.33      0.13       0      0.45      0.07  /bin/sh /usr/local/bin/dbt3-throughput-stream-wrapper -f 10 -n 3 -e -o /tmp/r10e/throughput -s /tmp/r10e/seed 
11:28:04 PM    26      8619    0.00    0.00    0.00    0.00    0.00     4      2.67      0.00  222656    3268   0.00     132      16      0.00      0.27      0.07       0      0.13      0.03  /bin/sh /usr/local/bin/dbt3-throughput-stream -f 10 -t 2 -e -o /tmp/r10e/throughput -s /tmp/r10e/seed 
11:28:04 PM    26      8620    0.00    0.00    0.00    0.00    0.00     1      2.67      0.00  222660    3220   0.00     132      16      0.00      0.20      0.07       0      0.13      0.00  /bin/sh /usr/local/bin/dbt3-throughput-stream -f 10 -t 3 -e -o /tmp/r10e/throughput -s /tmp/r10e/seed 
11:28:04 PM    26      9287   61.62    1.67    0.00   31.95   63.28     2     62.03      0.00  548844  174036   0.26     132      28      0.00   4208.27      0.00       0     12.20    199.37  postgres: postgres dbt3 [local] SELECT                    
11:28:04 PM    26      9288   61.58    1.58    0.00   32.50   63.17     1     47.45      0.00  546304  168404   0.26     132      36      0.00   4215.93      0.00       0     12.30    182.88  postgres: parallel worker for PID 9287                    
11:28:04 PM    26      9289   59.72    1.65    0.00   33.27   61.37     0     32.15      0.00  546304  164352   0.25     132      36      0.00   4037.07      0.00       0     15.08    134.05  postgres: parallel worker for PID 9287                    
11:28:04 PM    26      9343    0.00    0.00    0.00    0.03    0.00     4      5.53      0.00  274080    6124   0.01     132      20      0.00      0.07      0.00       0      0.15      0.03  psql -v ON_ERROR_STOP=1 -X -e 
11:28:04 PM    26      9344   26.77   12.40    0.00   47.72   39.17     4    208.13      0.00  522512  169500   0.26     132      32      0.00  17161.33      0.00       0     68.43    110.88  postgres: postgres dbt3 [local] SELECT                    
11:28:04 PM    26      9345   26.57   12.42    0.00   47.48   38.98     4    192.43      0.00  519640  166504   0.25     132      36      0.00  17183.33      0.00       0     62.35    135.38  postgres: parallel worker for PID 9344                    
11:28:04 PM    26      9346   26.53   12.32    0.00   47.35   38.85     4    215.28      0.00  519640  166388   0.25     132      36      0.00  16137.47      0.00       0     69.23    144.72  postgres: parallel worker for PID 9344                    
11:28:04 PM    26      9357    0.00    0.00    0.00    0.00    0.00     1      5.48      0.00  274080    5888   0.01     132      20      0.00      0.07      0.00       0      0.15      0.02  psql -v ON_ERROR_STOP=1 -X -e 
11:28:04 PM    26      9358   50.68    1.03    0.00   22.92   51.72     3     39.50      0.00  501708   86116   0.13     132      20      0.00      0.27      0.00       0      5.52    124.83  postgres: postgres dbt3 [local] SELECT                    
11:28:04 PM    26      9359   49.37    0.95    0.00   24.35   50.32     5     31.47      0.00  500900   84116   0.13     132      36      0.00      0.40      0.00       0      5.27    190.80  postgres: parallel worker for PID 9358                    
11:28:04 PM    26      9360   49.27    1.03    0.00   24.52   50.30     0     32.07      0.00  500900   84764   0.13     132      36      0.00      0.53      0.00       0      5.30    110.08  postgres: parallel worker for PID 9358                    
11:28:04 PM    26      9396    0.00    0.00    0.00    0.00    0.00     3      5.28      0.00  222528    3136   0.00     132      16      0.00    152.60      0.00       0      0.17      0.00  /bin/sh /usr/local/bin/dbt3-pgsql-rf1 -e -f 10 
11:28:04 PM    26      9404    0.00    0.00    0.00    0.03    0.00     4      5.98      0.00  274080    6068   0.01     132      20      0.00      0.07      0.00       0      0.15      0.02  psql -X -v ON_ERROR_STOP=1 
11:28:04 PM    26      9405    8.73    3.20    0.00   14.07   11.93     3    563.42      0.00  500780  151152   0.23     132      32      0.00  12624.00      0.00       0     18.58     28.47  postgres: postgres dbt3 [local] COPY                      

# Time        UID       PID    %usr %system  %guest   %wait    %CPU   CPU  minflt/s  majflt/s     VSZ     RSS   %MEM StkSize  StkRef   kB_rd/s   kB_wr/s kB_ccwr/s iodelay   cswch/s nvcswch/s  Command
11:29:04 PM    26      8592    0.02    0.05    0.00    0.02    0.07     1     11.03      0.00  497244   24828   0.04     132      36      0.00 138592.87  40566.80       0      1.65      0.27  /usr/pgsql-14/bin/postgres -D /pgdata/dbt3/pgdata -p 5432 
11:29:04 PM    26      8593    0.00    0.00    0.00    0.00    0.00     5      0.00      0.00  349712    5216   0.01     132      20      0.00      0.00      0.00       0      0.02      0.00  postgres: logger                                          
11:29:04 PM    26      8595    0.02    0.58    0.00    1.58    0.60     4      1.27      0.00  497468  140200   0.21     132      28      0.00    430.73      0.00       0     16.93    423.22  postgres: checkpointer                                    
11:29:04 PM    26      8596    0.18    0.15    0.00    0.48    0.33     1      0.08      0.00  497244  142312   0.22     132      32      0.00    828.53      0.00       0      4.93     59.68  postgres: background writer                               
11:29:04 PM    26      8597    0.02    0.07    0.00    0.30    0.08     4      0.00      0.00  497244   10404   0.02     132      24      0.00    646.13      0.00       0     10.85      1.62  postgres: walwriter                                       
11:29:04 PM    26      8598    0.00    0.00    0.00    0.00    0.00     2      0.05      0.00  497812    8860   0.01     132      16      0.00      0.00      0.00       0      0.13      0.00  postgres: autovacuum launcher                             
11:29:04 PM    26      8599    0.02    0.05    0.00    0.13    0.07     1      0.00      0.00  351972    5244   0.01     132      16      0.00      1.53      0.00       0     25.33      0.57  postgres: stats collector                                 
11:29:04 PM    26      8600    0.00    0.00    0.00    0.00    0.00     0      0.02      0.00  497672    6876   0.01     132      16      0.00      0.00      0.00       0      0.02      0.00  postgres: logical replication launcher                    
11:29:04 PM    26      8612    0.00    0.00    0.00    0.00    0.00     2      0.00      0.00  217200     868   0.00     132      24      0.00      0.07      0.00       0      0.02      0.00  sar -o /tmp/r10e/throughput/sar_raw.out 60 
11:29:04 PM    26      8613    0.02    0.10    0.00    0.12    0.12     4      0.30      0.00  220648    4724   0.01     132      24      0.00      0.20      0.00       0      0.03      0.52  pidstat -h -l -d -r -s -u -w 60 
11:29:04 PM    26      8614    0.00    0.00    0.00    0.00    0.00     0      1.83      0.00  222528    3136   0.00     132      12      0.00      1.27      0.00       0      0.12      0.02  /bin/sh /usr/local/bin/dbt3-pgsql-dbstat /tmp/r10e/throughput 
11:29:04 PM    26      8615    0.00    0.02    0.00    0.00    0.02     2      0.00      0.00  222840    1260   0.00     132      20      0.00      0.33      0.00       0      0.10      0.93  sadc 60 -Z -S XALL /tmp/r10e/throughput/sar_raw.out 
11:29:04 PM    26      8616    0.00    0.00    0.00    0.00    0.00     0      4.13      0.00  222528    3100   0.00     132      16      0.00    152.87      0.13       0      0.27      0.12  /bin/sh /usr/local/bin/dbt3-throughput-stream-wrapper -f 10 -n 3 -e -o /tmp/r10e/throughput -s /tmp/r10e/seed 
11:29:04 PM    26      8618    0.02    0.00    0.00    0.00    0.02     0      7.73      0.00  222660    3284   0.00     132      16      0.00      4.73      0.13       0      0.37      0.10  /bin/sh /usr/local/bin/dbt3-throughput-stream -f 10 -t 1 -e -o /tmp/r10e/throughput -s /tmp/r10e/seed 
11:29:04 PM    26      8619    0.00    0.02    0.00    0.00    0.02     1     10.58      0.00  222656    3272   0.00     132      16      0.00      1.47      0.20       0      0.52      0.13  /bin/sh /usr/local/bin/dbt3-throughput-stream -f 10 -t 2 -e -o /tmp/r10e/throughput -s /tmp/r10e/seed 
11:29:04 PM    26      8620    0.00    0.00    0.00    0.00    0.00     3      2.60      0.00  222660    3224   0.00     132      16      0.00      0.20      0.00       0      0.12      0.03  /bin/sh /usr/local/bin/dbt3-throughput-stream -f 10 -t 3 -e -o /tmp/r10e/throughput -s /tmp/r10e/seed 
11:29:04 PM    26      9412    0.00    0.00    0.00    0.00    0.00     5      1.37      0.00  217084     836   0.00     132      16      0.00      0.00      0.00       0      0.02      0.00  sleep 60 
11:29:04 PM    26      9480    0.00    0.00    0.00    0.00    0.00     0      5.45      0.00  274080    5996   0.01     132      20      0.00      0.07      0.00       0      0.15      0.00  psql -v ON_ERROR_STOP=1 -X -e 
11:29:04 PM    26      9481   36.60    1.53    0.00    8.73   38.13     2     99.05      0.00  513836  157904   0.24     132      28      0.00   4479.73      0.00       0     20.92     42.57  postgres: postgres dbt3 [local] SELECT                    
11:29:04 PM    26      9482   35.05    1.27    0.00    9.70   36.32     4    283.72      0.00  507260  150076   0.23     132      36      0.00   4097.73      0.00       0     22.10     59.73  postgres: parallel worker for PID 9481                    
11:29:04 PM    26      9483   36.75    1.78    0.00    9.55   38.53     3     92.37      0.00  515452  153192   0.23     132      36      0.00   4360.00      0.00       0     18.25     53.25  postgres: parallel worker for PID 9481                    
11:29:04 PM    26      9524    0.00    0.00    0.00    0.02    0.00     0      5.52      0.00  274080    6004   0.01     132      20      0.00      0.07      0.00       0      0.15      0.02  psql -v ON_ERROR_STOP=1 -X -e 
11:29:04 PM    26      9525   19.45    2.28    0.00    9.02   21.73     5    226.07      0.00  517812  120788   0.18     132      28      0.00   1104.53      0.00       0      1.80     22.35  postgres: postgres dbt3 [local] SELECT                    
11:29:04 PM    26      9526   20.93    2.43    0.00    7.33   23.37     5    140.87      0.00  515924  113584   0.17     132      36      0.00   1230.40      0.00       0      2.68     37.47  postgres: parallel worker for PID 9525                    
11:29:04 PM    26      9551    0.00    0.00    0.00    0.00    0.00     1      5.57      0.00  274080    6236   0.01     132      20      0.00      0.07      0.00       0      0.15      0.05  psql -v ON_ERROR_STOP=1 -X -e 
11:29:04 PM    26      9552    1.70    0.30    0.00    0.63    2.00     1    120.33      0.00  511912   46664   0.07     132      24      0.00    457.73      0.00       0      0.67      2.88  postgres: postgres dbt3 [local] SELECT                    
11:29:04 PM    26      9553    1.52    0.27    0.00    0.85    1.78     0     90.23      0.00  508992   39860   0.06     132      36      0.00    407.60      0.00       0      0.82      2.15  postgres: parallel worker for PID 9552                    
11:29:04 PM    26      9554    1.22    0.18    0.00    1.22    1.40     1     86.07      0.00  508992   37928   0.06     132      36      0.00    324.40      0.00       0      1.00      1.70  postgres: parallel worker for PID 9552                    

# Time        UID       PID    %usr %system  %guest   %wait    %CPU   CPU  minflt/s  majflt/s     VSZ     RSS   %MEM StkSize  StkRef   kB_rd/s   kB_wr/s kB_ccwr/s iodelay   cswch/s nvcswch/s  Command
11:30:04 PM    26      8592    0.00    0.07    0.00    0.02    0.07     2     15.23      0.00  497244   24828   0.04     132      36      0.00  73964.80  60903.40       0      2.15      0.25  /usr/pgsql-14/bin/postgres -D /pgdata/dbt3/pgdata -p 5432 
11:30:04 PM    26      8595    0.02    0.02    0.00    0.15    0.03     2      0.00      0.00  497468  140200   0.21     132      28      0.00      0.27      0.00       0      8.58     10.45  postgres: checkpointer                                    
11:30:04 PM    26      8596    0.13    0.07    0.00    0.08    0.20     0      0.00      0.00  497244  142312   0.22     132      32      0.00    185.60      0.00       0      4.58     11.50  postgres: background writer                               
11:30:04 PM    26      8597    0.00    0.00    0.00    0.03    0.00     2      0.00      0.00  497244   10404   0.02     132      24      0.00      0.67      0.00       0      4.00      0.10  postgres: walwriter                                       
11:30:04 PM    26      8598    0.00    0.00    0.00    0.02    0.00     2      0.13      0.00  497812    8860   0.01     132      16      0.00      0.00      0.00       0      0.13      0.00  postgres: autovacuum launcher                             
11:30:04 PM    26      8599    0.05    0.12    0.00    0.08    0.17     0      0.00      0.00  351972    5244   0.01     132      16      0.00      2.60      0.00       0     81.45      0.50  postgres: stats collector                                 
11:30:04 PM    26      8612    0.00    0.00    0.00    0.00    0.00     2      0.00      0.00  217200     868   0.00     132      24      0.00      0.07      0.00       0      0.02      0.00  sar -o /tmp/r10e/throughput/sar_raw.out 60 
11:30:04 PM    26      8613    0.02    0.10    0.00    0.17    0.12     2      0.02      0.00  220648    4724   0.01     132      24      0.00      0.20      0.00       0      0.03      0.48  pidstat -h -l -d -r -s -u -w 60 
11:30:04 PM    26      8614    0.00    0.00    0.00    0.00    0.00     2      1.97      0.00  222528    3140   0.00     132      12      0.00      1.40      0.00       0      0.08      0.03  /bin/sh /usr/local/bin/dbt3-pgsql-dbstat /tmp/r10e/throughput 
11:30:04 PM    26      8615    0.02    0.00    0.00    0.03    0.02     2      0.00      0.00  222840    1260   0.00     132      20      0.00      0.40      0.00       0      0.03      1.00  sadc 60 -Z -S XALL /tmp/r10e/throughput/sar_raw.out 
11:30:04 PM    26      8618    0.00    0.02    0.00    0.00    0.02     5     15.83      0.00  222660    3292   0.01     132      16      0.00     31.20      0.40       0      0.78      0.22  /bin/sh /usr/local/bin/dbt3-throughput-stream -f 10 -t 1 -e -o /tmp/r10e/throughput -s /tmp/r10e/seed 
11:30:04 PM    26      8619    0.00    0.00    0.00    0.00    0.00     3      8.08      0.00  222656    3272   0.00     132      16      0.00      0.53      0.20       0      0.35      0.02  /bin/sh /usr/local/bin/dbt3-throughput-stream -f 10 -t 2 -e -o /tmp/r10e/throughput -s /tmp/r10e/seed 
11:30:04 PM    26      8620    0.00    0.00    0.00    0.00    0.00     0      7.97      0.00  222660    3224   0.00     132      16      0.00      0.73      0.13       0      0.35      0.05  /bin/sh /usr/local/bin/dbt3-throughput-stream -f 10 -t 3 -e -o /tmp/r10e/throughput -s /tmp/r10e/seed 
11:30:04 PM    26      9561    0.00    0.00    0.00    0.02    0.00     1      1.37      0.00  217084     936   0.00     132      12      0.00      0.00      0.00       0      0.02      0.00  sleep 60 
11:30:04 PM    26      9700    0.00    0.00    0.00    0.00    0.00     3      5.60      0.00  274080    6192   0.01     132      24      0.00      0.07      0.00       0      0.15      0.00  psql -v ON_ERROR_STOP=1 -X -e 
11:30:04 PM    26      9701    0.00    0.00    0.00    0.00    0.00     4      5.48      0.00  274080    5928   0.01     132      24      0.00      0.07      0.00       0      0.15      0.00  psql -v ON_ERROR_STOP=1 -X -e 
11:30:04 PM    26      9702    9.53    4.10    0.00    8.38   13.63     3    518.87      0.00  522516  165396   0.25     132      28      0.00    493.47      0.00       0      5.68     26.33  postgres: postgres dbt3 [local] SELECT                    
11:30:04 PM    26      9703   14.03    1.62    0.00    6.58   15.65     1    139.13      0.00  517940  117148   0.18     132      20      0.00    752.53      0.00       0      4.37     27.22  postgres: postgres dbt3 [local] SELECT                    
11:30:04 PM    26      9704   13.95    1.63    0.00    6.57   15.58     5    130.95      0.00  515924  118160   0.18     132      36      0.00    745.07      0.00       0      3.80     26.10  postgres: parallel worker for PID 9703                    
11:30:04 PM    26      9705   14.43    1.68    0.00    6.03   16.12     0    131.40      0.00  515924  116036   0.18     132      36      0.00    774.40      0.00       0      4.53     26.93  postgres: parallel worker for PID 9703                    
11:30:04 PM    26      9706    9.47    4.18    0.00    8.38   13.65     4    503.70      0.00  519640  162168   0.25     132      36      0.00    496.53      0.00       0      5.98     22.47  postgres: parallel worker for PID 9702                    
11:30:04 PM    26      9707    9.62    4.08    0.00    8.27   13.70     3    494.20      0.00  519640  162420   0.25     132      36      0.00    522.27      0.00       0      5.80     31.50  postgres: parallel worker for PID 9702                    
11:30:04 PM    26      9732    0.00    0.00    0.00    0.02    0.00     4      5.57      0.00  274080    6188   0.01     132      20      0.00      0.07      0.00       0      0.17      0.05  psql -v ON_ERROR_STOP=1 -X -e 
11:30:04 PM    26      9733    1.57    0.27    0.00    1.08    1.83     0     55.28      0.00  506940   62204   0.09     132      64      0.00    120.53      0.00       0      0.65      2.85  postgres: postgres dbt3 [local] SELECT                    
11:30:04 PM    26      9734    1.70    0.28    0.00    0.90    1.98     5     39.53      0.00  505232   56208   0.09     132      36      0.00    121.47      0.00       0      0.55      1.98  postgres: parallel worker for PID 9733                    
11:30:04 PM    26      9735    1.47    0.27    0.00    1.12    1.73     4     39.00      0.00  505232   59768   0.09     132      36      0.00    120.00      0.00       0      0.67      2.05  postgres: parallel worker for PID 9733                    

# Time        UID       PID    %usr %system  %guest   %wait    %CPU   CPU  minflt/s  majflt/s     VSZ     RSS   %MEM StkSize  StkRef   kB_rd/s   kB_wr/s kB_ccwr/s iodelay   cswch/s nvcswch/s  Command
11:31:04 PM    26      8592    0.00    0.03    0.00    0.00    0.03     5      6.43      0.00  497244   24828   0.04     132      36      0.00  33307.20  29555.73       0      0.90      0.13  /usr/pgsql-14/bin/postgres -D /pgdata/dbt3/pgdata -p 5432 
11:31:04 PM    26      8595    0.00    0.00    0.00    0.00    0.00     2      0.10      0.00  497604  140200   0.21     132      28      0.00      0.00      0.00       0      0.02      0.00  postgres: checkpointer                                    
11:31:04 PM    26      8596    0.37    0.02    0.00    0.07    0.38     4      0.05      0.00  497244  142312   0.22     132      32      0.00    133.60      0.00       0      5.65      5.90  postgres: background writer                               
11:31:04 PM    26      8597    0.00    0.00    0.00    0.02    0.00     3      0.00      0.00  497244   10404   0.02     132      24      0.00      0.53      0.00       0      3.88      0.07  postgres: walwriter                                       
11:31:04 PM    26      8598    0.00    0.00    0.00    0.00    0.00     2      0.20      0.00  497812    8860   0.01     132      16      0.00      0.00      0.00       0      0.13      0.00  postgres: autovacuum launcher                             
11:31:04 PM    26      8599    0.02    0.03    0.00    0.03    0.05     5      0.00      0.00  351972    5244   0.01     132      16      0.00      1.53      0.00       0     25.38      0.37  postgres: stats collector                                 
11:31:04 PM    26      8612    0.00    0.00    0.00    0.00    0.00     2      0.00      0.00  217200     868   0.00     132      24      0.00      0.07      0.00       0      0.75      0.00  sar -o /tmp/r10e/throughput/sar_raw.out 60 
11:31:04 PM    26      8613    0.02    0.10    0.00    0.08    0.12     2      0.02      0.00  220648    4724   0.01     132      24      0.00      0.20      0.00       0      0.02      0.43  pidstat -h -l -d -r -s -u -w 60 
11:31:04 PM    26      8614    0.00    0.00    0.00    0.00    0.00     0      1.97      0.00  222528    3140   0.00     132      12      0.00      1.27      0.00       0      0.10      0.00  /bin/sh /usr/local/bin/dbt3-pgsql-dbstat /tmp/r10e/throughput 
11:31:04 PM    26      8615    0.00    0.00    0.00    0.02    0.00     2      0.00      0.00  222840    1260   0.00     132      20      0.00      0.33      0.00       0      0.03      1.75  sadc 60 -Z -S XALL /tmp/r10e/throughput/sar_raw.out 
11:31:04 PM    26      8618    0.00    0.00    0.00    0.00    0.00     2      2.65      0.00  222660    3292   0.01     132      16      0.00      0.20      0.07       0      0.13      0.05  /bin/sh /usr/local/bin/dbt3-throughput-stream -f 10 -t 1 -e -o /tmp/r10e/throughput -s /tmp/r10e/seed 
11:31:04 PM    26      8619    0.00    0.00    0.00    0.00    0.00     0      2.70      0.00  222656    3276   0.00     132      16      0.00      0.20      0.07       0      0.13      0.03  /bin/sh /usr/local/bin/dbt3-throughput-stream -f 10 -t 2 -e -o /tmp/r10e/throughput -s /tmp/r10e/seed 
11:31:04 PM    26      8620    0.02    0.00    0.00    0.00    0.02     5      5.35      0.00  222660    3228   0.00     132      16      0.00      0.67      0.07       0      0.25      0.05  /bin/sh /usr/local/bin/dbt3-throughput-stream -f 10 -t 3 -e -o /tmp/r10e/throughput -s /tmp/r10e/seed 
11:31:04 PM    26      9742    0.00    0.00    0.00    0.02    0.00     3      1.37      0.00  217084     932   0.00     132      12      0.00      0.00      0.00       0      0.02      0.02  sleep 60 
11:31:04 PM    26      9759    0.00    0.00    0.00    0.02    0.00     3      5.58      0.00  274080    6228   0.01     132      20      0.00      0.07      0.00       0      0.15      0.02  psql -v ON_ERROR_STOP=1 -X -e 
11:31:04 PM    26      9760   24.02   17.50    0.00   27.50   41.52     0    520.13      0.02  501860  148796   0.23     132      40      0.00     94.93      0.00       0   3133.77    124.78  postgres: postgres dbt3 [local] SELECT                    
11:31:04 PM    26      9761   34.65   25.27    0.00   29.57   59.92     0    504.80      0.00  500912  146972   0.22     132      36      0.00    163.73      0.00       0     51.52   1074.88  postgres: parallel worker for PID 9760                    
11:31:04 PM    26      9762   34.50   25.52    0.00   29.40   60.02     3    507.00      0.00  500912  146932   0.22     132      36      0.00    160.27      0.00       0     50.95   1060.23  postgres: parallel worker for PID 9760                    
11:31:04 PM    26      9774    0.00    0.00    0.00    0.00    0.00     2      5.50      0.00  274080    6016   0.01     132      20      0.00      0.07      0.00       0      0.15      0.03  psql -v ON_ERROR_STOP=1 -X -e 
11:31:04 PM    26      9775   14.77   10.48    0.00   17.45   25.25     1    446.50      0.00  501860  148796   0.23     132      40      0.00      0.13      0.00       0   1936.17     91.65  postgres: postgres dbt3 [local] SELECT                    
11:31:04 PM    26      9776   20.55   15.03    0.00   19.48   35.58     1    443.93      0.00  500912  146880   0.22     132      36      0.00      0.27      0.00       0     34.88    675.25  postgres: parallel worker for PID 9775                    
11:31:04 PM    26      9777   21.52   15.35    0.00   18.35   36.87     5    445.10      0.00  500912  146864   0.22     132      36      0.00      0.13      0.00       0     34.40    634.55  postgres: parallel worker for PID 9775                    
11:31:04 PM    26      9803    0.00    0.00    0.00    0.00    0.00     5      5.53      0.00  274080    6048   0.01     132      24      0.00      0.07      0.00       0      0.17      0.03  psql -v ON_ERROR_STOP=1 -X -e 
11:31:04 PM    26      9804   15.05    2.67    0.00    3.82   17.72     3    125.45      0.00  512032   35044   0.05     132      64      0.00    900.13      0.00       0      7.80    116.45  postgres: postgres dbt3 [local] SELECT                    
11:31:04 PM    26      9805   12.43    1.90    0.00    2.83   14.33     5    110.60      0.00  507196   27932   0.04     132      36      0.00    652.40      0.00       0      6.40     72.50  postgres: parallel worker for PID 9804                    
11:31:04 PM    26      9806   12.43    2.00    0.00    2.73   14.43     4     99.20      0.00  507932   26848   0.04     132      36      0.00    652.67      0.00       0      5.52    115.42  postgres: parallel worker for PID 9804                    
11:31:04 PM    26      9807    3.35    0.58    0.00    0.48    3.93     4     32.22      0.00  505232   20608   0.03     132      36      0.00    250.27      0.00       0      1.42     26.07  postgres: parallel worker for PID 9804                    

# Time        UID       PID    %usr %system  %guest   %wait    %CPU   CPU  minflt/s  majflt/s     VSZ     RSS   %MEM StkSize  StkRef   kB_rd/s   kB_wr/s kB_ccwr/s iodelay   cswch/s nvcswch/s  Command
11:32:04 PM    26      8592    0.02    0.03    0.00    0.00    0.05     3     10.28      0.00  497244   24828   0.04     132      36      0.00  29357.47  28606.40       0      1.55      0.25  /usr/pgsql-14/bin/postgres -D /pgdata/dbt3/pgdata -p 5432 
11:32:04 PM    26      8596    0.32    0.02    0.00    0.08    0.33     1      0.00      0.00  497244  142312   0.22     132      32      0.00     42.40      0.00       0      5.10      1.33  postgres: background writer                               
11:32:04 PM    26      8597    0.00    0.02    0.00    0.02    0.02     1      0.00      0.00  497244   10404   0.02     132      24      0.00      0.53      0.00       0      3.28      0.10  postgres: walwriter                                       
11:32:04 PM    26      8598    0.00    0.00    0.00    0.00    0.00     2      0.17      0.00  497812    8860   0.01     132      16      0.00      0.00      0.00       0      0.13      0.00  postgres: autovacuum launcher                             
11:32:04 PM    26      8599    0.02    0.03    0.00    0.07    0.05     1      0.00      0.00  351972    5244   0.01     132      16      0.00      1.53      0.00       0     22.85      0.42  postgres: stats collector                                 
11:32:04 PM    26      8600    0.00    0.00    0.00    0.00    0.00     0      0.02      0.00  497672    6876   0.01     132      16      0.00      0.00      0.00       0      0.02      0.00  postgres: logical replication launcher                    
11:32:04 PM    26      8612    0.00    0.00    0.00    0.00    0.00     2      0.00      0.00  217200     868   0.00     132      24      0.00      0.07      0.00       0      0.75      0.00  sar -o /tmp/r10e/throughput/sar_raw.out 60 
11:32:04 PM    26      8613    0.03    0.10    0.00    0.02    0.13     2      0.00      0.00  220648    4724   0.01     132      24      0.00      0.13      0.00       0      0.02      0.32  pidstat -h -l -d -r -s -u -w 60 
11:32:04 PM    26      8614    0.00    0.00    0.00    0.00    0.00     2      1.97      0.00  222528    3140   0.00     132      12      0.00      1.33      0.00       0      0.10      0.02  /bin/sh /usr/local/bin/dbt3-pgsql-dbstat /tmp/r10e/throughput 
11:32:04 PM    26      8615    0.00    0.02    0.00    0.03    0.02     2      0.00      0.00  222840    1260   0.00     132      20      0.00      0.40      0.00       0      0.03      1.75  sadc 60 -Z -S XALL /tmp/r10e/throughput/sar_raw.out 
11:32:04 PM    26      8618    0.00    0.00    0.00    0.00    0.00     1      5.33      0.00  222660    3292   0.01     132      16      0.00      0.47      0.07       0      0.25      0.02  /bin/sh /usr/local/bin/dbt3-throughput-stream -f 10 -t 1 -e -o /tmp/r10e/throughput -s /tmp/r10e/seed 
11:32:04 PM    26      8619    0.02    0.00    0.00    0.00    0.02     4      2.77      0.00  222656    3276   0.00     132      16      0.00      0.20      0.00       0      0.13      0.07  /bin/sh /usr/local/bin/dbt3-throughput-stream -f 10 -t 2 -e -o /tmp/r10e/throughput -s /tmp/r10e/seed 
11:32:04 PM    26      8620    0.00    0.02    0.00    0.00    0.02     5     16.45      0.00  222660    3240   0.00     132      16      0.00      7.27      0.33       0      0.77      0.17  /bin/sh /usr/local/bin/dbt3-throughput-stream -f 10 -t 3 -e -o /tmp/r10e/throughput -s /tmp/r10e/seed 
11:32:04 PM    26      9814    0.00    0.00    0.00    0.02    0.00     1      1.37      0.00  217084     932   0.00     132      12      0.00      0.00      0.00       0      0.02      0.00  sleep 60 
11:32:04 PM    26      9830    0.00    0.00    0.00    0.00    0.00     4      5.52      0.00  274080    6124   0.01     132      20      0.00      0.07      0.00       0      0.15      0.02  psql -v ON_ERROR_STOP=1 -X -e 
11:32:04 PM    26      9831   68.48    2.10    0.00    7.10   70.58     3     88.77      0.00  517096  156808   0.24     132      24      0.00   4135.60      0.00       0      9.85    110.57  postgres: postgres dbt3 [local] SELECT                    
11:32:04 PM    26      9832   68.40    1.85    0.00    7.35   70.25     5     82.53      0.00  515452  154052   0.23     132      36      0.00   4358.00      0.00       0     34.15    117.10  postgres: parallel worker for PID 9831                    
11:32:04 PM    26      9833   68.50    1.70    0.00    7.48   70.20     1     98.27      0.00  507260  149872   0.23     132      36      0.00   4349.87      0.00       0     25.37     65.28  postgres: parallel worker for PID 9831                    
11:32:04 PM    26      9912    0.00    0.00    0.00    0.00    0.00     1      5.52      0.00  274080    6096   0.01     132      20      0.00      0.07      0.00       0      0.15      0.02  psql -v ON_ERROR_STOP=1 -X -e 
11:32:04 PM    26      9913    6.93    3.48    0.00    1.40   10.42     1    580.07      0.00  507344  153608   0.23     132      36      0.00   4227.20      0.00       0      2.62     27.87  postgres: postgres dbt3 [local] SELECT                    
11:32:04 PM    26      9938    0.00    0.00    0.00    0.00    0.00     3      5.57      0.00  274080    6236   0.01     132      20      0.00      0.07      0.00       0      0.15      0.00  psql -v ON_ERROR_STOP=1 -X -e 
11:32:04 PM    26      9939    2.43    1.67    0.00    2.87    4.10     0    501.65      0.00  501860  148660   0.23     132      40      0.00      0.40      0.00       0    284.97      5.42  postgres: postgres dbt3 [local] SELECT                    
11:32:04 PM    26      9940    4.15    2.92    0.00    1.33    7.07     0    502.13      0.00  500912  146904   0.22     132      36      0.00      0.27      0.00       0      2.58     86.55  postgres: parallel worker for PID 9939                    
11:32:04 PM    26      9941    3.62    2.77    0.00    1.97    6.38     4    520.97      0.00  500912  146868   0.22     132      36      0.00      1.07      0.00       0      1.97    107.67  postgres: parallel worker for PID 9939                    

# Time        UID       PID    %usr %system  %guest   %wait    %CPU   CPU  minflt/s  majflt/s     VSZ     RSS   %MEM StkSize  StkRef   kB_rd/s   kB_wr/s kB_ccwr/s iodelay   cswch/s nvcswch/s  Command
11:33:04 PM    26      8592    0.00    0.03    0.00    0.00    0.03     5      7.02      0.00  497244   24828   0.04     132      36      0.00  31447.07  18504.40       0      1.03      0.05  /usr/pgsql-14/bin/postgres -D /pgdata/dbt3/pgdata -p 5432 
11:33:04 PM    26      8595    0.00    0.00    0.00    0.00    0.00     3      0.00      0.00  497604  140200   0.21     132      28      0.00      0.00      0.00       0      0.03      0.00  postgres: checkpointer                                    
11:33:04 PM    26      8596    0.35    0.03    0.00    0.15    0.38     0      0.00      0.00  497244  142312   0.22     132      32      0.00    164.27      0.00       0      5.62     10.63  postgres: background writer                               
11:33:04 PM    26      8597    0.00    0.00    0.00    0.03    0.00     2      0.00      0.00  497244   10404   0.02     132      24      0.00      0.27      0.00       0      2.60      0.03  postgres: walwriter                                       
11:33:04 PM    26      8598    0.00    0.00    0.00    0.00    0.00     5      0.17      0.00  497812   10368   0.02     132      16      0.00      0.00      0.00       0      0.13      0.00  postgres: autovacuum launcher                             
11:33:04 PM    26      8599    0.02    0.02    0.00    0.03    0.03     0      0.00      0.00  351972    5244   0.01     132      16      0.00      1.53      0.00       0     17.87      0.20  postgres: stats collector                                 
11:33:04 PM    26      8612    0.00    0.00    0.00    0.00    0.00     5      0.00      0.00  217200     868   0.00     132      24      0.00      0.07      0.00       0      0.02      0.00  sar -o /tmp/r10e/throughput/sar_raw.out 60 
11:33:04 PM    26      8613    0.00    0.12    0.00    0.02    0.12     2      0.00      0.00  220648    4724   0.01     132      24      0.00      0.20      0.00       0      0.02      0.33  pidstat -h -l -d -r -s -u -w 60 
11:33:04 PM    26      8614    0.00    0.00    0.00    0.00    0.00     2      2.00      0.00  222528    3144   0.00     132      12      0.00      1.20      0.00       0      0.10      0.02  /bin/sh /usr/local/bin/dbt3-pgsql-dbstat /tmp/r10e/throughput 
11:33:04 PM    26      8615    0.00    0.00    0.00    0.02    0.00     2      0.00      0.00  222840    1260   0.00     132      20      0.00      0.33      0.00       0      0.03      1.02  sadc 60 -Z -S XALL /tmp/r10e/throughput/sar_raw.out 
11:33:04 PM    26      8618    0.02    0.02    0.00    0.00    0.03     4     10.80      0.00  222660    3300   0.01     132      16      0.00      1.13      0.27       0      0.53      0.08  /bin/sh /usr/local/bin/dbt3-throughput-stream -f 10 -t 1 -e -o /tmp/r10e/throughput -s /tmp/r10e/seed 
11:33:04 PM    26      8619    0.00    0.00    0.00    0.00    0.00     4      2.75      0.00  222656    3276   0.00     132      16      0.00      0.40      0.00       0      0.13      0.03  /bin/sh /usr/local/bin/dbt3-throughput-stream -f 10 -t 2 -e -o /tmp/r10e/throughput -s /tmp/r10e/seed 
11:33:04 PM    26      9939   22.95   16.62    0.00   32.80   39.57     1      0.75      0.00  501860  149044   0.23     132      40      0.00    156.67      0.00       0   3212.03     50.67  postgres: postgres dbt3 [local] SELECT                    
11:33:04 PM    26      9940   31.73   23.25    0.00   41.93   54.98     3      0.67      0.00  500912  147168   0.22     132      36      0.00    244.93      0.00       0     34.70    957.10  postgres: parallel worker for PID 9939                    
11:33:04 PM    26      9941   31.77   23.18    0.00   42.05   54.95     4      0.65      0.02  500912  147128   0.22     132      36      0.00    242.40      0.00       0     34.45    955.68  postgres: parallel worker for PID 9939                    
11:33:04 PM    26      9948    0.00    0.00    0.00    0.02    0.00     4      1.38      0.00  217084     816   0.00     132      12      0.00      0.00      0.00       0      0.02      0.00  sleep 60 
11:33:04 PM    26      9978    0.00    0.00    0.00    0.00    0.00     4      5.48      0.00  274080    5924   0.01     132      24      0.00      0.07      0.00       0      0.15      0.02  psql -v ON_ERROR_STOP=1 -X -e 
11:33:04 PM    26      9979   74.20    1.83    0.00   11.37   76.03     5     32.33      0.00  501712   65340   0.10     132      24      0.00      0.00      0.00       0      5.38    195.93  postgres: postgres dbt3 [local] SELECT                    
11:33:04 PM    26      9980   75.42    1.87    0.00   10.08   77.28     0     26.87      0.00  500900   64204   0.10     132      36      0.00      0.00      0.00       0      5.10    199.33  postgres: parallel worker for PID 9979                    
11:33:04 PM    26      9981   75.35    1.78    0.00   10.18   77.13     0     26.35      0.00  500900   60512   0.09     132      36      0.00      0.00      0.00       0      4.87    188.83  postgres: parallel worker for PID 9979                    
11:33:04 PM    26     10020    0.00    0.00    0.00    0.00    0.00     4      5.53      0.00  274080    6072   0.01     132      20      0.00      0.07      0.00       0      0.15      0.02  psql -v ON_ERROR_STOP=1 -X -e 
11:33:04 PM    26     10021   24.35   10.37    0.00   24.05   34.72     1    550.18      0.00  522520  165356   0.25     132      28      0.00   1074.93      0.00       0     21.68    259.32  postgres: postgres dbt3 [local] SELECT                    
11:33:04 PM    26     10022   23.67   10.42    0.00   24.53   34.08     4    507.35      0.00  519624  162380   0.25     132      36      0.00   1066.00      0.00       0     22.25    206.88  postgres: parallel worker for PID 10021                   
11:33:04 PM    26     10023   23.98   10.38    0.00   24.27   34.37     3    526.53      0.00  519624  162228   0.25     132      36      0.00   1074.27      0.00       0     21.87    258.72  postgres: parallel worker for PID 10021                   

# Time        UID       PID    %usr %system  %guest   %wait    %CPU   CPU  minflt/s  majflt/s     VSZ     RSS   %MEM StkSize  StkRef   kB_rd/s   kB_wr/s kB_ccwr/s iodelay   cswch/s nvcswch/s  Command
11:34:04 PM    26      8592    0.02    0.05    0.00    0.02    0.07     5     12.70      0.00  497244   24828   0.04     132      36      0.00  52882.13  48829.47       0      1.77      0.27  /usr/pgsql-14/bin/postgres -D /pgdata/dbt3/pgdata -p 5432 
11:34:04 PM    26      8595    0.02    0.05    0.00    0.12    0.07     1      0.00      0.00  497604  140200   0.21     132      28      0.00      0.60      0.00       0      2.35     22.23  postgres: checkpointer                                    
11:34:04 PM    26      8596    0.13    0.03    0.00    0.00    0.17     5      0.00      0.00  497244  142312   0.22     132      32      0.00     68.00      0.00       0      3.23      1.50  postgres: background writer                               
11:34:04 PM    26      8597    0.02    0.00    0.00    0.00    0.02     3      0.00      0.00  497244   10404   0.02     132      24      0.00      0.53      0.00       0      2.98      0.07  postgres: walwriter                                       
11:34:04 PM    26      8598    0.00    0.00    0.00    0.00    0.00     5      0.08      0.00  497812   10368   0.02     132      16      0.00      0.00      0.00       0      0.13      0.00  postgres: autovacuum launcher                             
11:34:04 PM    26      8599    0.03    0.07    0.00    0.10    0.10     5      0.00      0.00  351972    5244   0.01     132      16      0.00      2.07      0.00       0     32.32      0.50  postgres: stats collector                                 
11:34:04 PM    26      8612    0.00    0.00    0.00    0.00    0.00     2      0.00      0.00  217200     868   0.00     132      24      0.00      0.07      0.00       0      0.03      0.00  sar -o /tmp/r10e/throughput/sar_raw.out 60 
11:34:04 PM    26      8613    0.02    0.08    0.00    0.03    0.10     2      0.00      0.00  220648    4724   0.01     132      24      0.00      0.13      0.00       0      0.02      0.50  pidstat -h -l -d -r -s -u -w 60 
11:34:04 PM    26      8614    0.00    0.00    0.00    0.00    0.00     3      1.95      0.00  222528    3144   0.00     132      12      0.00      1.40      0.00       0      0.10      0.05  /bin/sh /usr/local/bin/dbt3-pgsql-dbstat /tmp/r10e/throughput 
11:34:04 PM    26      8615    0.00    0.00    0.00    0.02    0.00     2      0.00      0.00  222840    1260   0.00     132      20      0.00      0.33      0.00       0      0.03      1.02  sadc 60 -Z -S XALL /tmp/r10e/throughput/sar_raw.out 
11:34:04 PM    26      8618    0.00    0.00    0.00    0.00    0.00     3      5.47      0.00  222660    3300   0.01     132      16      0.00      0.60      0.07       0      0.23      0.02  /bin/sh /usr/local/bin/dbt3-throughput-stream -f 10 -t 1 -e -o /tmp/r10e/throughput -s /tmp/r10e/seed 
11:34:04 PM    26      8619    0.00    0.02    0.00    0.00    0.02     4     13.70      0.00  222656    3276   0.00     132      16      0.00      6.27      0.27       0      0.67      0.10  /bin/sh /usr/local/bin/dbt3-throughput-stream -f 10 -t 2 -e -o /tmp/r10e/throughput -s /tmp/r10e/seed 
11:34:04 PM    26      8620    0.00    0.02    0.00    0.00    0.02     0      8.28      0.00  222660    3240   0.00     132      16      0.00     29.47      0.13       0      0.33      0.03  /bin/sh /usr/local/bin/dbt3-throughput-stream -f 10 -t 3 -e -o /tmp/r10e/throughput -s /tmp/r10e/seed 
11:34:04 PM    26     10031    0.00    0.00    0.00    0.00    0.00     1      1.40      0.00  217084     884   0.00     132      16      0.00      0.00      0.00       0      0.02      0.02  sleep 60 
11:34:04 PM    26     10093    0.00    0.00    0.00    0.00    0.00     4      5.58      0.00  274080    6084   0.01     132      24      0.00      0.07      0.00       0      0.15      0.00  psql -v ON_ERROR_STOP=1 -X -e 
11:34:04 PM    26     10094   57.32    1.05    0.00   15.43   58.37     1     18.92      0.00  501716   20760   0.03     132      24      0.00      0.00      0.00       0      1.32     68.60  postgres: postgres dbt3 [local] SELECT                    
11:34:04 PM    26     10095   57.97    1.20    0.00   14.58   59.17     0     12.17      0.00  500900   18312   0.03     132      36      0.00      0.00      0.00       0      1.47     68.27  postgres: parallel worker for PID 10094                   
11:34:04 PM    26     10096   55.88    1.12    0.00   16.85   57.00     1     12.25      0.00  500900   17920   0.03     132      36      0.00      0.00      0.00       0      1.10     53.43  postgres: parallel worker for PID 10094                   
11:34:04 PM    26     10147    0.00    0.00    0.00    0.00    0.00     0      5.45      0.00  274080    5920   0.01     132      20      0.00      0.07      0.00       0      0.15      0.00  psql -v ON_ERROR_STOP=1 -X -e 
11:34:04 PM    26     10148   13.65    2.02    0.00    4.70   15.67     0     61.95      0.00  524812   50364   0.08     132      24      0.00   5764.80      0.00       0      1.27     17.05  postgres: postgres dbt3 [local] SELECT                    
11:34:04 PM    26     10149   14.23    2.02    0.00    4.10   16.25     3     83.77      0.00  523908   64088   0.10     132      36      0.00   5984.53      0.00       0      1.23     18.05  postgres: parallel worker for PID 10148                   
11:34:04 PM    26     10150   14.27    2.00    0.00    4.08   16.27     4     82.73      0.00  523868   72016   0.11     132      36      0.00   5961.07      0.00       0      1.25     20.08  postgres: parallel worker for PID 10148                   
11:34:04 PM    26     10175    0.00    0.00    0.00    0.02    0.00     0      5.58      0.00  274080    6084   0.01     132      24      0.00      0.07      0.00       0      0.15      0.03  psql -v ON_ERROR_STOP=1 -X -e 
11:34:04 PM    26     10176    3.72    0.42    0.00    4.68    4.13     5    460.05      0.00  505684  150512   0.23     132      20      0.00      0.00      0.00       0      6.95      5.32  postgres: postgres dbt3 [local] SELECT                    
11:34:04 PM    26     10177    4.08    0.17    0.00    4.58    4.25     0    393.87      0.00  502068  127316   0.19     132      36      0.00      0.00      0.00       0      5.57      4.28  postgres: parallel worker for PID 10176                   
11:34:04 PM    26     10178    3.92    0.20    0.00    4.65    4.12     5    381.67      0.00  502068  126804   0.19     132      36      0.00      0.00      0.00       0      6.62      4.83  postgres: parallel worker for PID 10176                   
