Linux 5.15.41-gentoo-x86_64-zbkstdxg5 (pgsql1.dbt2.internal) 	05/26/2022 	_x86_64_	(6 CPU)

# Time        UID       PID    %usr %system  %guest   %wait    %CPU   CPU  minflt/s  majflt/s     VSZ     RSS   %MEM StkSize  StkRef   kB_rd/s   kB_wr/s kB_ccwr/s iodelay   cswch/s nvcswch/s  Command
01:13:13 AM    26      7834    0.00    0.02    0.00    0.00    0.02     4     23.03      0.00  222656    3316   0.01     132      16      0.00    153.31      0.47       0      0.97      0.00  /bin/bash /bin/dbt3-power-test -a pgsql -f 10 -o /tmp/r10/power -p -c unix_socket_directories='/tmp' -s /tmp/r10/seed 
01:13:13 AM    26      7980    0.00    0.02    0.00    0.00    0.02     1     10.36      0.00  497240   24848   0.04     132      36      0.00  83002.70  10414.46       0      1.32      0.02  /usr/pgsql-14/bin/postgres -D /var/lib/pgsql/local/dbt3/pgdata -c unix_socket_directories=/tmp -p 5432 
01:13:13 AM    26      7981    0.00    0.00    0.00    0.00    0.00     0      0.00      0.00  349708    5160   0.01     132      20      0.00      0.07      0.00       0      0.05      0.00  postgres: logger                                                                                       
01:13:13 AM    26      7983    0.07    1.15    0.00    0.43    1.22     4     37.19      1.32  497464  135420   0.21     132      32      0.00   3873.82      0.00       0    167.64    581.42  postgres: checkpointer                                                                                 
01:13:13 AM    26      7984    0.08    0.10    0.00    0.00    0.18     4     22.43      0.00  497240   84720   0.13     132      20      0.00    642.56      0.00       0      4.65      0.87  postgres: background writer                                                                            
01:13:13 AM    26      7985    0.02    0.12    0.00    0.03    0.13     0      1.30      0.00  497240    9768   0.01     132      24      0.00   1805.57      0.00       0     69.76      0.40  postgres: walwriter                                                                                    
01:13:13 AM    26      7986    0.00    0.00    0.00    0.00    0.00     0      0.23      0.00  497808    8868   0.01     132      16      0.00      0.00      0.00       0      0.13      0.00  postgres: autovacuum launcher                                                                          
01:13:13 AM    26      7987    0.02    0.02    0.00    0.00    0.03     1      0.00      0.00  351968    5192   0.01     132      16      0.00      1.53      0.53       0     15.90      0.02  postgres: stats collector                                                                              
01:13:13 AM    26      7998    0.00    0.00    0.00    0.00    0.00     1      0.00      0.00  217196     876   0.00     132      20      0.00      0.07      0.00       0      0.03      0.00  sar -o /tmp/r10/power//sar_raw.out 60 
01:13:13 AM    26      7999    0.00    0.03    0.00    0.00    0.03     0     10.33      0.00  220896    4468   0.01     132      20      0.00      0.00      0.00       0      0.22      0.02  pidstat -h -l -d -r -s -u -w 60 
01:13:13 AM    26      8000    0.00    0.00    0.00    0.00    0.00     3      5.10      0.00  222524    3364   0.01     132      16      0.00      1.07      0.00       0      0.18      0.00  /bin/sh /bin/dbt3-pgsql-dbstat /tmp/r10/power 
01:13:13 AM    26      8001    0.00    0.00    0.00    0.00    0.00     4      0.00      0.00  222836    1308   0.00     132      20      0.00      0.67      0.00       0      0.88      0.00  sadc 60 -Z -S XALL /tmp/r10/power//sar_raw.out 
01:13:13 AM    26      8031    0.00    0.00    0.00    0.00    0.00     5      1.42      0.00  217080     832   0.00     132      12      0.00      0.00      0.00       0      0.02      0.00  sleep 60 
01:13:13 AM    26      8148    0.00    0.00    0.00    0.00    0.00     5      5.50      0.00  274076    6184   0.01     132      24      0.00      0.07      0.00       0      0.05      0.00  psql -v ON_ERROR_STOP=1 -X -e 
01:13:13 AM    26      8149   15.01    0.87    0.00    0.00   15.88     5     97.78      0.00  515372  155380   0.24     132      24      0.00   4246.63      0.00       0    710.76      0.40  postgres: postgres dbt3 [local] SELECT                                                                 
01:13:13 AM    26      8150   14.76    1.12    0.00    0.00   15.88     3    113.58      0.00  513368  152096   0.23     132      36      0.00   4296.22      0.00       0    589.09      0.25  postgres: parallel worker for PID 8149                                                                 
01:13:13 AM    26      8151   14.78    1.12    0.00    0.00   15.90     2    334.53      0.00  505176  147972   0.23     132      36      0.00   4282.09      0.00       0    560.69      0.38  postgres: parallel worker for PID 8149                                                                 
01:13:13 AM    26     12083    0.00    0.00    0.00    0.00    0.00     0      0.00      0.00  217196     988   0.00     132      24      0.00      0.07      0.00       0      0.02      0.00  sar -o /tmp/r1/load//sar_raw.out 60 
01:13:13 AM    26     12084    0.02    0.05    0.00    0.00    0.07     4      0.00      0.00  220404    4984   0.01     132      24      0.00      0.20      0.00       0      0.15      0.02  pidstat -h -l -d -r -s -u -w 60 
01:13:13 AM    26     12086    0.00    0.00    0.00    0.00    0.00     5      0.00      0.00  222836    1436   0.00     132      20      0.00      0.40      0.00       0      0.80      0.10  sadc 60 -Z -S XALL /tmp/r1/load//sar_raw.out 
01:13:13 AM    26     12144    0.00    0.00    0.00    0.00    0.00     5      0.00      0.00  217196     884   0.00     132      24      0.00      0.07      0.00       0      0.02      0.00  sar -o /tmp/r1/load//sar_raw.out 60 
01:13:13 AM    26     12145    0.02    0.03    0.00    0.00    0.05     4      0.00      0.00  220476    4944   0.01     132      24      0.00      0.20      0.00       0      0.15      0.03  pidstat -h -l -d -r -s -u -w 60 
01:13:13 AM    26     12147    0.00    0.02    0.00    0.00    0.02     0      0.00      0.00  222836    1212   0.00     132      24      0.00      0.33      0.00       0      0.82      0.05  sadc 60 -Z -S XALL /tmp/r1/load//sar_raw.out 

# Time        UID       PID    %usr %system  %guest   %wait    %CPU   CPU  minflt/s  majflt/s     VSZ     RSS   %MEM StkSize  StkRef   kB_rd/s   kB_wr/s kB_ccwr/s iodelay   cswch/s nvcswch/s  Command
01:14:13 AM    26      7834    0.00    0.02    0.00    0.00    0.02     4     11.93      0.00  222656    3324   0.01     132      16      0.00      0.73      0.20       0      0.48      0.00  /bin/bash /bin/dbt3-power-test -a pgsql -f 10 -o /tmp/r10/power -p -c unix_socket_directories='/tmp' -s /tmp/r10/seed 
01:14:13 AM    26      7980    0.00    0.02    0.00    0.00    0.02     4      5.80      0.00  497240   24848   0.04     132      36      0.00  24372.07  24345.40       0      0.80      0.02  /usr/pgsql-14/bin/postgres -D /var/lib/pgsql/local/dbt3/pgdata -c unix_socket_directories=/tmp -p 5432 
01:14:13 AM    26      7983    0.00    0.00    0.00    0.00    0.00     0      0.00      0.00  497464  135420   0.21     132      32      0.00      0.00      0.00       0      9.98      0.00  postgres: checkpointer                                                                                 
01:14:13 AM    26      7984    0.13    0.00    0.00    0.00    0.13     0      0.00      0.00  497240   84720   0.13     132      20      0.00      0.00      0.00       0      4.55      0.02  postgres: background writer                                                                            
01:14:13 AM    26      7985    0.00    0.00    0.00    0.00    0.00     0      0.00      0.00  497240    9768   0.01     132      24      0.00      0.40      0.00       0      3.22      0.05  postgres: walwriter                                                                                    
01:14:13 AM    26      7986    0.00    0.00    0.00    0.00    0.00     0      0.17      0.00  497808    8868   0.01     132      16      0.00      0.00      0.00       0      0.13      0.00  postgres: autovacuum launcher                                                                          
01:14:13 AM    26      7987    0.02    0.03    0.00    0.00    0.05     4      0.00      0.00  351968    5192   0.01     132      16      0.00      1.53      0.00       0      9.85      0.03  postgres: stats collector                                                                              
01:14:13 AM    26      7998    0.00    0.00    0.00    0.00    0.00     1      0.00      0.00  217196     876   0.00     132      20      0.00      0.07      0.00       0      0.02      0.00  sar -o /tmp/r10/power//sar_raw.out 60 
01:14:13 AM    26      7999    0.00    0.03    0.00    0.00    0.03     0      2.20      0.00  220896    4996   0.01     132      20      0.00      0.13      0.00       0      0.15      0.03  pidstat -h -l -d -r -s -u -w 60 
01:14:13 AM    26      8000    0.00    0.00    0.00    0.00    0.00     4      1.95      0.00  222524    3364   0.01     132      16      0.00      0.80      0.00       0      0.10      0.03  /bin/sh /bin/dbt3-pgsql-dbstat /tmp/r10/power 
01:14:13 AM    26      8001    0.00    0.00    0.00    0.00    0.00     4      0.00      0.00  222836    1308   0.00     132      20      0.00      0.33      0.00       0      0.82      0.00  sadc 60 -Z -S XALL /tmp/r10/power//sar_raw.out 
01:14:13 AM    26      8162    0.00    0.00    0.00    0.00    0.00     1      1.37      0.00  217080     932   0.00     132      12      0.00      0.00      0.00       0      0.02      0.00  sleep 60 
01:14:13 AM    26      8231    0.00    0.00    0.00    0.00    0.00     1      5.52      0.00  274076    6064   0.01     132      24      0.00      0.07      0.00       0      0.05      0.00  psql -v ON_ERROR_STOP=1 -X -e 
01:14:13 AM    26      8232    8.68    1.60    0.00    0.00   10.28     3    111.72      0.00  522772  152884   0.23     132      24      0.00   7293.33      0.00       0      1.10      0.13  postgres: postgres dbt3 [local] SELECT                                                                 
01:14:13 AM    26      8233    8.72    1.57    0.00    0.00   10.28     2    101.42      0.00  521684  157964   0.24     132      36      0.00   7303.47      0.00       0      1.15      0.17  postgres: parallel worker for PID 8232                                                                 
01:14:13 AM    26      8234    8.50    1.77    0.00    0.00   10.27     5     99.33      0.00  521684  154788   0.24     132      36      0.00   7261.33      0.00       0      1.22      0.33  postgres: parallel worker for PID 8232                                                                 
01:14:13 AM    26     12083    0.00    0.00    0.00    0.00    0.00     4      0.00      0.00  217196     988   0.00     132      24      0.00      0.07      0.00       0      0.02      0.00  sar -o /tmp/r1/load//sar_raw.out 60 
01:14:13 AM    26     12084    0.02    0.03    0.00    0.00    0.05     4      0.00      0.00  220404    4984   0.01     132      24      0.00      0.13      0.00       0      0.15      0.03  pidstat -h -l -d -r -s -u -w 60 
01:14:13 AM    26     12086    0.00    0.02    0.00    0.00    0.02     2      0.00      0.00  222836    1436   0.00     132      20      0.00      0.33      0.00       0      0.80      0.10  sadc 60 -Z -S XALL /tmp/r1/load//sar_raw.out 
01:14:13 AM    26     12144    0.00    0.00    0.00    0.00    0.00     5      0.00      0.00  217196     884   0.00     132      24      0.00      0.07      0.00       0      0.02      0.00  sar -o /tmp/r1/load//sar_raw.out 60 
01:14:13 AM    26     12145    0.00    0.03    0.00    0.00    0.03     4      0.00      0.00  220476    4944   0.01     132      24      0.00      0.13      0.00       0      0.15      0.02  pidstat -h -l -d -r -s -u -w 60 
01:14:13 AM    26     12147    0.00    0.00    0.00    0.00    0.00     0      0.00      0.00  222836    1212   0.00     132      24      0.00      0.40      0.00       0      0.82      0.05  sadc 60 -Z -S XALL /tmp/r1/load//sar_raw.out 

# Time        UID       PID    %usr %system  %guest   %wait    %CPU   CPU  minflt/s  majflt/s     VSZ     RSS   %MEM StkSize  StkRef   kB_rd/s   kB_wr/s kB_ccwr/s iodelay   cswch/s nvcswch/s  Command
01:15:13 AM    26      7834    0.02    0.00    0.00    0.00    0.02     3     21.67      0.00  222656    3328   0.01     132      16      0.00     33.67      0.47       0      0.82      0.00  /bin/bash /bin/dbt3-power-test -a pgsql -f 10 -o /tmp/r10/power -p -c unix_socket_directories='/tmp' -s /tmp/r10/seed 
01:15:13 AM    26      7980    0.00    0.03    0.00    0.00    0.03     3     10.45      0.00  497240   24848   0.04     132      36      0.00  57385.87  57380.27       0      1.28      0.02  /usr/pgsql-14/bin/postgres -D /var/lib/pgsql/local/dbt3/pgdata -c unix_socket_directories=/tmp -p 5432 
01:15:13 AM    26      7983    0.00    0.02    0.00    0.00    0.02     3      0.00      0.00  497464  135420   0.21     132      32      0.00      0.00      0.00       0      9.98      0.00  postgres: checkpointer                                                                                 
01:15:13 AM    26      7984    0.03    0.00    0.00    0.00    0.03     5      0.13      0.00  497240   84720   0.13     132      20      0.00      1.47      0.00       0      1.55      0.03  postgres: background writer                                                                            
01:15:13 AM    26      7985    0.00    0.00    0.00    0.00    0.00     3      0.00      0.00  497240    9768   0.01     132      24      0.00      2.13      0.00       0      3.15      0.07  postgres: walwriter                                                                                    
01:15:13 AM    26      7986    0.00    0.00    0.00    0.00    0.00     0      0.10      0.00  497808    8868   0.01     132      16      0.00      0.00      0.00       0      0.13      0.00  postgres: autovacuum launcher                                                                          
01:15:13 AM    26      7987    0.02    0.03    0.00    0.02    0.05     4      0.00      0.00  351968    5192   0.01     132      16      0.00      2.07      0.00       0     21.73      0.02  postgres: stats collector                                                                              
01:15:13 AM    26      7988    0.00    0.00    0.00    0.00    0.00     3      0.00      0.00  497668    6776   0.01     132      16      0.00      0.00      0.00       0      0.02      0.00  postgres: logical replication launcher                                                                 
01:15:13 AM    26      7998    0.00    0.00    0.00    0.00    0.00     1      0.00      0.00  217196     876   0.00     132      20      0.00      0.07      0.00       0      0.02      0.00  sar -o /tmp/r10/power//sar_raw.out 60 
01:15:13 AM    26      7999    0.02    0.03    0.00    0.00    0.05     0      0.03      0.00  220896    4996   0.01     132      20      0.00      0.13      0.00       0      0.15      0.00  pidstat -h -l -d -r -s -u -w 60 
01:15:13 AM    26      8000    0.00    0.00    0.00    0.00    0.00     0      1.95      0.00  222524    3368   0.01     132      16      0.00      0.93      0.00       0      0.10      0.03  /bin/sh /bin/dbt3-pgsql-dbstat /tmp/r10/power 
01:15:13 AM    26      8001    0.00    0.00    0.00    0.00    0.00     4      0.00      0.00  222836    1308   0.00     132      20      0.00      0.33      0.00       0      0.82      0.00  sadc 60 -Z -S XALL /tmp/r10/power//sar_raw.out 
01:15:13 AM    26      8245    0.00    0.00    0.00    0.00    0.00     1      1.37      0.00  217080     852   0.00     132      16      0.00      0.00      0.00       0      0.02      0.00  sleep 60 
01:15:13 AM    26      8369    0.00    0.00    0.00    0.00    0.00     5      2.80      0.00  222524    3116   0.00     132      12      0.00      0.00      0.00       0      0.02      0.00  /bin/sh /bin/dbt3-pgsql-time-statistics -e -n PERF.POWER.Q10 
01:15:13 AM    26      8370    0.00    0.00    0.00    0.00    0.00     0      5.47      0.00  274076    6184   0.01     132      20      0.00      0.00      0.00       0      0.03      0.00  psql -v ON_ERROR_STOP=1 -X -q -c UPDATE time_statistics SET e_time = CURRENT_TIMESTAMP WHERE task_name = 'PERF.POWER.Q10' 
01:15:13 AM    26      8371    0.00    0.00    0.00    0.00    0.00     2     12.33      0.00  498304   14476   0.02     132      24      0.00      0.13      0.00       0      0.03      0.00  postgres: postgres dbt3 [local] UPDATE                                                                 
01:15:13 AM    26     12083    0.00    0.00    0.00    0.00    0.00     4      0.00      0.00  217196     988   0.00     132      24      0.00      0.07      0.00       0      0.02      0.00  sar -o /tmp/r1/load//sar_raw.out 60 
01:15:13 AM    26     12084    0.00    0.03    0.00    0.00    0.03     3      0.00      0.00  220404    4984   0.01     132      24      0.00      0.13      0.00       0      0.15      0.00  pidstat -h -l -d -r -s -u -w 60 
01:15:13 AM    26     12086    0.00    0.00    0.00    0.00    0.00     5      0.00      0.00  222836    1436   0.00     132      20      0.00      0.40      0.00       0      0.82      0.08  sadc 60 -Z -S XALL /tmp/r1/load//sar_raw.out 
01:15:13 AM    26     12144    0.00    0.00    0.00    0.00    0.00     5      0.00      0.00  217196     884   0.00     132      24      0.00      0.07      0.00       0      0.02      0.00  sar -o /tmp/r1/load//sar_raw.out 60 
01:15:13 AM    26     12145    0.02    0.03    0.00    0.00    0.05     3      0.00      0.00  220476    4944   0.01     132      24      0.00      0.20      0.00       0      0.15      0.02  pidstat -h -l -d -r -s -u -w 60 
01:15:13 AM    26     12147    0.02    0.00    0.00    0.00    0.02     4      0.00      0.00  222836    1212   0.00     132      24      0.00      0.33      0.00       0      0.82      0.07  sadc 60 -Z -S XALL /tmp/r1/load//sar_raw.out 
