Linux 5.15.41-gentoo-x86_64-zbkstdxg5 (pgsql1.dbt3.internal) 	06/01/2022 	_x86_64_	(6 CPU)

# Time        UID       PID    %usr %system  %guest   %wait    %CPU   CPU  minflt/s  majflt/s     VSZ     RSS   %MEM StkSize  StkRef   kB_rd/s   kB_wr/s kB_ccwr/s iodelay   cswch/s nvcswch/s  Command
11:15:28 PM    26      7552    0.00    0.00    0.00    0.00    0.00     1      3.45      0.00  222528    3120   0.00     132      16      0.00      0.67      0.67       0      0.10      0.00  /bin/bash /usr/local/bin/dbt3-load-test -a pgsql -o /tmp/r10e/load -f 10 -g 0 -d 
11:15:28 PM    26      7568    0.00    0.00    0.00    0.00    0.00     5      0.00      0.00  217200     868   0.00     132      20      0.00      0.00      0.00       0      0.02      0.00  sar -o /tmp/r10e/load//sar_raw.out 60 
11:15:28 PM    26      7569    0.00    0.00    0.00    0.00    0.00     0      8.97      0.00  220384    3876   0.01     132      20      0.00      0.00      0.00       0      0.13      0.13  pidstat -h -l -d -r -s -u -w 60 
11:15:28 PM    26      7571    0.00    0.00    0.00    0.00    0.00     0      0.02      0.00  222840    1372   0.00     132      20      0.00      0.27      0.00       0      0.62      0.28  sadc 60 -Z -S XALL /tmp/r10e/load//sar_raw.out 
11:15:28 PM    26      7582    0.02    0.03    0.00    0.00    0.05     2     25.78     44.85  497244   24812   0.04     132      36      0.00  59341.93      0.40       0      1.87      0.20  /usr/pgsql-14/bin/postgres -D /pgdata/dbt3/pgdata -p 5432 
11:15:28 PM    26      7583    0.00    0.00    0.00    0.00    0.00     4      1.85      0.00  349712    5196   0.01     132      20      0.00      0.33      0.00       0      0.60      0.00  postgres: logger                                          
11:15:28 PM    26      7585    0.05    0.38    0.00    0.92    0.43     4     14.17      1.27  497468   39728   0.06     132      28      0.00     34.93      0.00       0     10.67     11.28  postgres: checkpointer                                    
11:15:28 PM    26      7586    0.00    0.02    0.00    0.03    0.02     0      7.77      0.00  497244   23944   0.04     132      20      0.00      0.00      0.00       0      4.28      1.17  postgres: background writer                               
11:15:28 PM    26      7587    0.03    0.35    0.00    0.28    0.38     2     19.27      0.00  497244   10408   0.02     132      28      0.00   3576.13      0.00       0    144.53      4.28  postgres: walwriter                                       
11:15:28 PM    26      7588    0.00    0.00    0.00    0.00    0.00     3      4.52      0.03  497812    8840   0.01     132      16      0.00      0.00      0.00       0      0.10      0.00  postgres: autovacuum launcher                             
11:15:28 PM    26      7589    0.00    0.02    0.00    0.02    0.02     4      2.50      0.00  351972    5224   0.01     132      20      0.00      3.47      0.60       0      7.98      0.73  postgres: stats collector                                 
11:15:28 PM    26      7590    0.00    0.00    0.00    0.00    0.00     3      3.85      0.00  497672    6856   0.01     132      16      0.00      0.00      0.00       0      0.02      0.00  postgres: logical replication launcher                    
11:15:28 PM    26      7643    0.00    0.00    0.00    0.00    0.00     3      7.63      0.00  222528    3196   0.00     132      16      0.00      1.33      0.00       0      0.18      0.05  /bin/sh /usr/local/bin/dbt3-pgsql-dbstat /tmp/r10e/load 
11:15:28 PM    26      7644    0.00    0.00    0.00    0.00    0.00     2     24.22      0.00  223256    3852   0.01     132      16      0.00      1.20      1.20       0      0.32      0.13  /bin/sh /usr/local/bin/dbt3-pgsql-load-data -C 6 -d 
11:15:28 PM    26      7679    0.00    0.00    0.00    0.00    0.00     4      1.38      0.00  217084     932   0.00     132      12      0.00      0.00      0.00       0      0.02      0.00  sleep 60 
11:15:28 PM    26      7722    0.00    0.00    0.00    0.00    0.00     0      6.28      0.00  274080    6104   0.01     132      20      0.00      0.07      0.00       0      0.03      0.03  psql -v ON_ERROR_STOP=1 -X 
11:15:28 PM    26      7723    0.00    0.00    0.00    0.00    0.00     3      6.20      0.03  274080    5800   0.01     132      24      0.00      0.07      0.00       0      0.03      0.00  psql -v ON_ERROR_STOP=1 -X 
11:15:28 PM    26      7724    0.00    0.00    0.00    0.00    0.00     4      6.27      0.00  274080    5988   0.01     132      24      0.00      0.07      0.00       0      0.03      0.00  psql -v ON_ERROR_STOP=1 -X 
11:15:28 PM    26      7725    0.00    0.00    0.00    0.00    0.00     1      6.27      0.00  274080    6036   0.01     132      20      0.00      0.07      0.00       0      0.03      0.08  psql -v ON_ERROR_STOP=1 -X 
11:15:28 PM    26      7726    0.00    0.00    0.00    0.00    0.00     3      6.18      0.00  274080    5996   0.01     132      20      0.00      0.07      0.00       0      0.03      0.02  psql -v ON_ERROR_STOP=1 -X 
11:15:28 PM    26      7727    0.00    0.00    0.00    0.00    0.00     3      6.22      0.00  274080    6112   0.01     132      20      0.00      0.07      0.00       0      0.03      0.03  psql -v ON_ERROR_STOP=1 -X 
11:15:28 PM    26      7728    0.00    0.00    0.00    0.00    0.00     0      8.87      0.00  498840   14072   0.02     132      20      0.00      3.00      0.00       0      0.03      0.03  postgres: postgres dbt3 [local] COPY                      
11:15:28 PM    26      7729    0.00    0.00    0.00    0.00    0.00     3      8.88      0.00  498840   14076   0.02     132      20      0.00      3.00      3.00       0      0.05      0.20  postgres: postgres dbt3 [local] COPY                      
11:15:28 PM    26      7730    0.00    0.00    0.00    0.00    0.00     4      8.88      0.00  498840   14076   0.02     132      20      0.00      3.00      0.00       0      0.02      0.07  postgres: postgres dbt3 [local] COPY                      
11:15:28 PM    26      7731    0.00    0.00    0.00    0.00    0.00     1      8.87      0.00  498840   14072   0.02     132      20      0.00      3.00      0.00       0      0.03      0.05  postgres: postgres dbt3 [local] COPY                      
11:15:28 PM    26      7732    0.00    0.00    0.00    0.00    0.00     5      8.87      0.00  498840   14072   0.02     132      20      0.00      3.00      0.00       0      0.03      0.22  postgres: postgres dbt3 [local] COPY                      
11:15:28 PM    26      7733    0.00    0.00    0.00    0.00    0.00     2      7.92      0.00  498308   13248   0.02     132      24      0.00      0.00      0.00       0      0.03      0.00  postgres: postgres dbt3 [local] COPY                      
11:15:28 PM    26      7734    5.12    0.08    0.00    0.17    5.20     5    375.45      0.00  315212   91120   0.14     132      20      0.00      0.00      0.00       0      0.00     13.55  /mnt/home/mark.wong/src/dbt3/src/dbgen/dbgen -s 10 -T c -o -C 6 -S 1 
11:15:28 PM    26      7735    4.95    0.07    0.00    0.38    5.02     0    363.18      0.00  315212   88080   0.13     132      16      0.00      0.00      0.00       0      0.00      8.28  /mnt/home/mark.wong/src/dbt3/src/dbgen/dbgen -s 10 -T c -o -C 6 -S 2 
11:15:28 PM    26      7736    4.93    0.08    0.00    0.38    5.02     3    361.65      0.00  315212   87832   0.13     132      20      0.00      0.00      0.00       0      0.00     15.57  /mnt/home/mark.wong/src/dbt3/src/dbgen/dbgen -s 10 -T c -o -C 6 -S 6 
11:15:28 PM    26      7737    5.20    0.08    0.00    0.12    5.28     2    381.27      0.00  315212   92232   0.14     132      20      0.00      0.00      0.00       0      0.00      7.37  /mnt/home/mark.wong/src/dbt3/src/dbgen/dbgen -s 10 -T c -o -C 6 -S 4 
11:15:28 PM    26      7738    5.08    0.10    0.00    0.23    5.18     1    374.33      0.00  315212   90792   0.14     132      20      0.00      0.00      0.00       0      0.00      6.43  /mnt/home/mark.wong/src/dbt3/src/dbgen/dbgen -s 10 -T c -o -C 6 -S 5 
11:15:28 PM    26      7739    4.97    0.13    0.00    0.27    5.10     4    362.43      0.00  315212   87960   0.13     132      20      0.00      0.00      0.00       0      0.00     19.12  /mnt/home/mark.wong/src/dbt3/src/dbgen/dbgen -s 10 -T c -o -C 6 -S 3 

# Time        UID       PID    %usr %system  %guest   %wait    %CPU   CPU  minflt/s  majflt/s     VSZ     RSS   %MEM StkSize  StkRef   kB_rd/s   kB_wr/s kB_ccwr/s iodelay   cswch/s nvcswch/s  Command
11:16:28 PM    26      7568    0.00    0.00    0.00    0.00    0.00     5      0.02      0.00  217200     868   0.00     132      24      0.00      0.07      0.00       0      0.02      0.00  sar -o /tmp/r10e/load//sar_raw.out 60 
11:16:28 PM    26      7569    0.02    0.05    0.00    0.08    0.07     0      2.28      0.00  220384    4404   0.01     132      24      0.00      0.20      0.00       0      0.02      0.27  pidstat -h -l -d -r -s -u -w 60 
11:16:28 PM    26      7571    0.00    0.00    0.00    0.02    0.00     0      0.00      0.00  222840    1372   0.00     132      20      0.00      0.40      0.00       0      0.03      1.55  sadc 60 -Z -S XALL /tmp/r10e/load//sar_raw.out 
11:16:28 PM    26      7582    0.00    0.02    0.00    0.00    0.02     5      2.47      0.00  497244   24812   0.04     132      36      0.00  10128.47      3.00       0      0.35      0.02  /usr/pgsql-14/bin/postgres -D /pgdata/dbt3/pgdata -p 5432 
11:16:28 PM    26      7583    0.00    0.00    0.00    0.00    0.00     5      0.00      0.00  349712    5196   0.01     132      20      0.00      0.07      0.00       0      0.15      0.00  postgres: logger                                          
11:16:28 PM    26      7585    0.08    1.07    0.00    3.35    1.15     3     10.72      0.03  497468   80872   0.12     132      32      0.00   1503.80      0.00       0     35.03     37.18  postgres: checkpointer                                    
11:16:28 PM    26      7586    0.02    0.07    0.00    0.25    0.08     5      9.72      0.00  497244   55516   0.08     132      20      0.00    193.07      0.00       0      3.75      2.85  postgres: background writer                               
11:16:28 PM    26      7587    0.07    0.63    0.00    0.98    0.70     2      0.00      0.00  497244   10408   0.02     132      28      0.00   6077.60      0.00       0    239.38      8.10  postgres: walwriter                                       
11:16:28 PM    26      7588    0.00    0.00    0.00    0.00    0.00     2      0.00      0.00  497812    8840   0.01     132      16      0.00      0.00      0.00       0      0.12      0.00  postgres: autovacuum launcher                             
11:16:28 PM    26      7589    0.02    0.02    0.00    0.10    0.03     3      0.00      0.00  351972    5224   0.01     132      20      0.00      2.07      0.00       0      9.63      0.27  postgres: stats collector                                 
11:16:28 PM    26      7643    0.00    0.00    0.00    0.00    0.00     5      1.83      0.00  222528    3196   0.00     132      16      0.00      1.00      0.00       0      0.10      0.00  /bin/sh /usr/local/bin/dbt3-pgsql-dbstat /tmp/r10e/load 
11:16:28 PM    26      7644    0.00    0.00    0.00    0.00    0.00     4      5.78      0.00  223256    3852   0.01     132      16      0.00      0.40      0.40       0      0.10      0.00  /bin/sh /usr/local/bin/dbt3-pgsql-load-data -C 6 -d 
11:16:28 PM    26      7746    0.00    0.00    0.00    0.02    0.00     0      1.37      0.00  217084     852   0.00     132      12      0.00      0.00      0.00       0      0.02      0.00  sleep 60 
11:16:28 PM    26      7752    0.00    0.00    0.00    0.00    0.00     1      6.20      0.00  274080    6012   0.01     132      20      0.00      0.07      0.00       0      0.03      0.03  psql -v ON_ERROR_STOP=1 -X 
11:16:28 PM    26      7753    0.00    0.00    0.00    0.00    0.00     3      6.30      0.00  274080    6212   0.01     132      24      0.00      0.07      0.00       0      0.03      0.02  psql -v ON_ERROR_STOP=1 -X 
11:16:28 PM    26      7754    0.00    0.00    0.00    0.00    0.00     2      6.17      0.00  274080    6032   0.01     132      20      0.00      0.07      0.00       0      0.03      0.00  psql -v ON_ERROR_STOP=1 -X 
11:16:28 PM    26      7755    0.00    0.00    0.00    0.00    0.00     0      6.30      0.00  274080    6204   0.01     132      20      0.00      0.07      0.00       0      0.03      0.02  psql -v ON_ERROR_STOP=1 -X 
11:16:28 PM    26      7756    0.00    0.00    0.00    0.00    0.00     5      6.17      0.00  274080    5924   0.01     132      24      0.00      0.07      0.00       0      0.03      0.08  psql -v ON_ERROR_STOP=1 -X 
11:16:28 PM    26      7757    0.00    0.00    0.00    0.00    0.00     4      6.28      0.00  274080    6096   0.01     132      24      0.00      0.07      0.00       0      0.03      0.08  psql -v ON_ERROR_STOP=1 -X 
11:16:28 PM    26      7758   12.13    1.95    0.00    2.92   14.08     3    121.97      0.00  498588  117760   0.18     132      36      0.00   8584.67      0.00       0    890.83     24.17  postgres: postgres dbt3 [local] COPY                      
11:16:28 PM    26      7759   11.80    1.93    0.00    2.77   13.73     4     86.85      0.05  498588  117836   0.18     132      36      0.00   8319.73      0.00       0    875.43     22.62  postgres: postgres dbt3 [local] COPY                      
11:16:28 PM    26      7760   11.97    1.87    0.00    2.82   13.83     0    103.85      0.02  498588  117304   0.18     132      36      0.00   8379.73      0.00       0    879.57     25.65  postgres: postgres dbt3 [local] COPY                      
11:16:28 PM    26      7761   11.95    2.07    0.00    2.63   14.02     4    108.88      0.00  498588  117772   0.18     132      36      0.00   8332.07      0.00       0    898.33     21.30  postgres: postgres dbt3 [local] COPY                      
11:16:28 PM    26      7762   12.07    1.98    0.00    2.55   14.05     2    109.02      0.02  498588  117340   0.18     132      36      0.00   8579.60      0.00       0    889.13     23.52  postgres: postgres dbt3 [local] COPY                      
11:16:28 PM    26      7763   51.00    1.35    0.00   19.95   52.35     3   1283.80      0.00  315344  309004   0.47     132      20      0.00      0.00      0.00       0      3.98    962.88  /mnt/home/mark.wong/src/dbt3/src/dbgen/dbgen -s 10 -T O -o -C 6 -S 1 
11:16:28 PM    26      7764   50.63    1.28    0.00   20.43   51.92     0   1283.85      0.00  315344  309116   0.47     132      24      0.00      0.00      0.00       0      3.92    968.63  /mnt/home/mark.wong/src/dbt3/src/dbgen/dbgen -s 10 -T O -o -C 6 -S 3 
11:16:28 PM    26      7765   50.28    1.43    0.00   21.02   51.72     5   1283.80      0.00  315344  308976   0.47     132      20      0.00      0.00      0.00       0      3.98    965.15  /mnt/home/mark.wong/src/dbt3/src/dbgen/dbgen -s 10 -T O -o -C 6 -S 2 
11:16:28 PM    26      7766   11.92    2.03    0.00    2.80   13.95     1    108.45      0.02  498588  116916   0.18     132      36      0.00   8493.47      0.00       0    878.75     26.02  postgres: postgres dbt3 [local] COPY                      
11:16:28 PM    26      7767   51.13    1.45    0.00   19.63   52.58     4   1283.83      0.00  315344  309112   0.47     132      20      0.00      0.00      0.00       0      3.85   1008.63  /mnt/home/mark.wong/src/dbt3/src/dbgen/dbgen -s 10 -T O -o -C 6 -S 6 
11:16:28 PM    26      7768   50.82    1.47    0.00   20.38   52.28     2   1283.83      0.00  315344  309064   0.47     132      20      0.00      0.00      0.00       0      3.95    964.33  /mnt/home/mark.wong/src/dbt3/src/dbgen/dbgen -s 10 -T O -o -C 6 -S 4 
11:16:28 PM    26      7769   50.65    1.53    0.00   20.03   52.18     1   1283.77      0.00  315344  308980   0.47     132      20      0.00      0.00      0.00       0      4.12    994.40  /mnt/home/mark.wong/src/dbt3/src/dbgen/dbgen -s 10 -T O -o -C 6 -S 5 
11:16:28 PM    26      7770    1.60    1.25    0.00    6.62    2.85     5     22.03      0.00  498444   18456   0.03     132      36      0.00  10781.33      0.00       0    179.12      8.05  postgres: autovacuum worker dbt3                          

# Time        UID       PID    %usr %system  %guest   %wait    %CPU   CPU  minflt/s  majflt/s     VSZ     RSS   %MEM StkSize  StkRef   kB_rd/s   kB_wr/s kB_ccwr/s iodelay   cswch/s nvcswch/s  Command
11:17:28 PM    26      7568    0.00    0.00    0.00    0.00    0.00     5      0.00      0.00  217200     868   0.00     132      24      0.00      0.07      0.00       0      0.02      0.00  sar -o /tmp/r10e/load//sar_raw.out 60 
11:17:28 PM    26      7569    0.02    0.12    0.00    0.17    0.13     1      0.52      0.00  220384    4668   0.01     132      24      0.00      0.13      0.00       0      0.02      0.52  pidstat -h -l -d -r -s -u -w 60 
11:17:28 PM    26      7571    0.00    0.02    0.00    0.02    0.02     1      0.00      0.00  222840    1372   0.00     132      20      0.00      0.33      0.00       0      0.03      0.42  sadc 60 -Z -S XALL /tmp/r10e/load//sar_raw.out 
11:17:28 PM    26      7582    0.00    0.00    0.00    0.00    0.00     5      2.47      0.00  497244   24812   0.04     132      36      0.00  91488.60      3.00       0      0.35      0.07  /usr/pgsql-14/bin/postgres -D /pgdata/dbt3/pgdata -p 5432 
11:17:28 PM    26      7583    0.00    0.00    0.00    0.00    0.00     3      0.00      0.00  349712    5196   0.01     132      20      0.00      0.20      0.00       0      0.23      0.00  postgres: logger                                          
11:17:28 PM    26      7585    0.13    1.20    0.00    3.63    1.33     4      6.38      0.00  497468  101692   0.15     132      32      0.00   1284.07      0.00       0     50.98     46.75  postgres: checkpointer                                    
11:17:28 PM    26      7586    0.02    0.03    0.00    0.12    0.05     1      4.40      0.00  497244   71152   0.11     132      20      0.00    198.00      0.00       0      4.03      2.08  postgres: background writer                               
11:17:28 PM    26      7587    0.08    0.92    0.00    0.85    1.00     4      0.00      0.00  497244   10408   0.02     132      28      0.00   7746.53      0.00       0    359.17      9.05  postgres: walwriter                                       
11:17:28 PM    26      7588    0.00    0.00    0.00    0.00    0.00     5      0.02      0.00  497812    8840   0.01     132      16      0.00      0.00      0.00       0      0.13      0.00  postgres: autovacuum launcher                             
11:17:28 PM    26      7589    0.02    0.03    0.00    0.10    0.05     4      0.00      0.00  351972    5224   0.01     132      20      0.00      2.07      0.00       0     13.60      0.28  postgres: stats collector                                 
11:17:28 PM    26      7643    0.00    0.00    0.00    0.00    0.00     5      1.78      0.00  222528    3196   0.00     132      16      0.00      1.07      0.00       0      0.10      0.00  /bin/sh /usr/local/bin/dbt3-pgsql-dbstat /tmp/r10e/load 
11:17:28 PM    26      7644    0.00    0.00    0.00    0.00    0.00     1      5.83      0.00  223256    3852   0.01     132      16      0.00      0.40      0.00       0      0.10      0.00  /bin/sh /usr/local/bin/dbt3-pgsql-load-data -C 6 -d 
11:17:28 PM    26      7777    0.00    0.00    0.00    0.00    0.00     1      1.38      0.00  217084     920   0.00     132      16      0.00      0.00      0.00       0      0.02      0.00  sleep 60 
11:17:28 PM    26      7783    0.00    0.00    0.00    0.00    0.00     0      6.27      0.00  274080    6032   0.01     132      20      0.00      0.07      0.00       0      0.03      0.00  psql -v ON_ERROR_STOP=1 -X 
11:17:28 PM    26      7784    0.00    0.00    0.00    0.00    0.00     5      6.30      0.00  274080    6084   0.01     132      20      0.00      0.07      0.00       0      0.03      0.02  psql -v ON_ERROR_STOP=1 -X 
11:17:28 PM    26      7785    0.00    0.00    0.00    0.00    0.00     4      6.30      0.00  274080    6236   0.01     132      20      0.00      0.07      0.00       0      0.03      0.03  psql -v ON_ERROR_STOP=1 -X 
11:17:28 PM    26      7786    0.00    0.00    0.00    0.00    0.00     0      6.27      0.00  274080    6060   0.01     132      20      0.00      0.07      0.00       0      0.03      0.02  psql -v ON_ERROR_STOP=1 -X 
11:17:28 PM    26      7787    0.00    0.00    0.00    0.00    0.00     3      6.20      0.00  274080    5984   0.01     132      24      0.00      0.07      0.00       0      0.03      0.03  psql -v ON_ERROR_STOP=1 -X 
11:17:28 PM    26      7788    0.00    0.00    0.00    0.00    0.00     3      6.27      0.00  274080    6060   0.01     132      20      0.00      0.07      0.00       0      0.03      0.02  psql -v ON_ERROR_STOP=1 -X 
11:17:28 PM    26      7789   25.87    2.40    0.00   24.02   28.27     5    141.08      0.00  498588  118700   0.18     132      36      0.00  12316.40      0.00       0    140.10    458.55  postgres: postgres dbt3 [local] COPY                      
11:17:28 PM    26      7790   26.02    2.40    0.00   24.38   28.42     2    142.00      0.00  498588  118636   0.18     132      36      0.00  12242.00      0.00       0    143.53    459.05  postgres: postgres dbt3 [local] COPY                      
11:17:28 PM    26      7791   25.63    2.50    0.00   23.83   28.13     0     97.27      0.00  498588  118380   0.18     132      36      0.00  12708.13      0.00       0    145.07    415.22  postgres: postgres dbt3 [local] COPY                      
11:17:28 PM    26      7792   25.75    2.48    0.00   24.05   28.23     5    121.78      0.03  498588  118892   0.18     132      36      0.00  12538.13      0.00       0    143.17    448.08  postgres: postgres dbt3 [local] COPY                      
11:17:28 PM    26      7793   38.60    0.97    0.00   12.43   39.57     3   1283.80      0.00  315344  308996   0.47     132      20      0.00      0.00      0.00       0    449.65    100.43  /mnt/home/mark.wong/src/dbt3/src/dbgen/dbgen -s 10 -T L -o -C 6 -S 2 
11:17:28 PM    26      7794   38.45    1.02    0.00   12.23   39.47     0   1283.78      0.00  315344  308988   0.47     132      20      0.00      0.00      0.00       0    450.03    104.07  /mnt/home/mark.wong/src/dbt3/src/dbgen/dbgen -s 10 -T L -o -C 6 -S 1 
11:17:28 PM    26      7795   25.80    2.52    0.00   23.23   28.32     2    111.00      0.00  498588  118752   0.18     132      36      0.00  12863.33      0.00       0    153.53    381.13  postgres: postgres dbt3 [local] COPY waiting              
11:17:28 PM    26      7796   38.38    1.02    0.00   13.22   39.40     0   1283.83      0.00  315344  309068   0.47     132      20      0.00      0.00      0.00       0    406.30    128.33  /mnt/home/mark.wong/src/dbt3/src/dbgen/dbgen -s 10 -T L -o -C 6 -S 3 
11:17:28 PM    26      7797   26.10    2.52    0.00   24.50   28.62     0    156.47      0.00  498588  118712   0.18     132      36      0.00  12845.47      0.00       0    151.83    459.28  postgres: postgres dbt3 [local] COPY                      
11:17:28 PM    26      7798   38.47    0.90    0.00   12.57   39.37     5   1283.87      0.00  315344  309180   0.47     132      20      0.00      0.00      0.00       0    439.25     95.63  /mnt/home/mark.wong/src/dbt3/src/dbgen/dbgen -s 10 -T L -o -C 6 -S 6 
11:17:28 PM    26      7799   38.52    1.00    0.00   13.92   39.52     2   1283.87      0.00  315344  309192   0.47     132      20      0.00      0.00      0.00       0    372.23    128.23  /mnt/home/mark.wong/src/dbt3/src/dbgen/dbgen -s 10 -T L -o -C 6 -S 4 
11:17:28 PM    26      7800   38.68    0.90    0.00   11.60   39.58     3   1283.83      0.00  315344  309176   0.47     132      16      0.00      0.00      0.00       0    450.03     89.30  /mnt/home/mark.wong/src/dbt3/src/dbgen/dbgen -s 10 -T L -o -C 6 -S 5 
11:17:28 PM    26      7801    1.72    1.18    0.00    3.23    2.90     4     22.02      0.00  498332   18504   0.03     132      28      0.00   9477.20      0.00       0    206.82      6.85  postgres: autovacuum worker dbt3                          

# Time        UID       PID    %usr %system  %guest   %wait    %CPU   CPU  minflt/s  majflt/s     VSZ     RSS   %MEM StkSize  StkRef   kB_rd/s   kB_wr/s kB_ccwr/s iodelay   cswch/s nvcswch/s  Command
11:18:28 PM    26      7568    0.00    0.00    0.00    0.00    0.00     4      0.00      0.00  217200     868   0.00     132      24      0.00      0.07      0.00       0      0.02      0.00  sar -o /tmp/r10e/load//sar_raw.out 60 
11:18:28 PM    26      7569    0.03    0.12    0.00    0.02    0.15     5      0.02      0.00  220384    4668   0.01     132      24      0.00      0.20      0.00       0      0.15      0.25  pidstat -h -l -d -r -s -u -w 60 
11:18:28 PM    26      7571    0.00    0.00    0.00    0.03    0.00     4      0.00      0.00  222840    1372   0.00     132      20      0.00      0.33      0.00       0      0.10      1.42  sadc 60 -Z -S XALL /tmp/r10e/load//sar_raw.out 
11:18:28 PM    26      7582    0.00    0.02    0.00    0.00    0.02     5      1.37      0.00  497244   24812   0.04     132      36      0.00      0.00      0.00       0      0.23      0.00  /usr/pgsql-14/bin/postgres -D /pgdata/dbt3/pgdata -p 5432 
11:18:28 PM    26      7583    0.00    0.00    0.00    0.00    0.00     4      0.00      0.00  349712    5196   0.01     132      20      0.00      0.07      0.00       0      0.10      0.00  postgres: logger                                          
11:18:28 PM    26      7585    0.12    1.75    0.00    5.10    1.87     1      0.57      0.00  497468  105916   0.16     132      32      0.00    654.67      0.00       0     70.47     59.40  postgres: checkpointer                                    
11:18:28 PM    26      7586    0.00    0.00    0.00    0.08    0.00     4      0.07      0.00  497244   71152   0.11     132      20      0.00      0.00      0.00       0      4.17      0.02  postgres: background writer                               
11:18:28 PM    26      7587    0.15    1.20    0.00    0.67    1.35     4      0.00      0.00  497244   10408   0.02     132      28      0.00  11173.07      0.00       0    486.43      8.45  postgres: walwriter                                       
11:18:28 PM    26      7588    0.00    0.00    0.00    0.00    0.00     5      0.00      0.00  497812    8840   0.01     132      16      0.00      0.00      0.00       0      0.13      0.00  postgres: autovacuum launcher                             
11:18:28 PM    26      7589    0.02    0.02    0.00    0.08    0.03     1      0.00      0.00  351972    5224   0.01     132      20      0.00      1.27      0.00       0     12.10      0.10  postgres: stats collector                                 
11:18:28 PM    26      7590    0.00    0.00    0.00    0.00    0.00     3      0.03      0.00  497672    6856   0.01     132      16      0.00      0.00      0.00       0      0.02      0.00  postgres: logical replication launcher                    
11:18:28 PM    26      7643    0.00    0.00    0.00    0.00    0.00     1      1.90      0.00  222528    3200   0.00     132      16      0.00      1.07      0.00       0      0.10      0.02  /bin/sh /usr/local/bin/dbt3-pgsql-dbstat /tmp/r10e/load 
11:18:28 PM    26      7789   39.85    3.65    0.00   36.30   43.50     0      0.57      0.00  498588  120176   0.18     132      36      0.00  18344.80      0.00       0    205.73    679.68  postgres: postgres dbt3 [local] COPY                      
11:18:28 PM    26      7790   39.82    3.85    0.00   36.48   43.67     1      0.68      0.00  498588  120340   0.18     132      36      0.00  18825.33      0.00       0    231.05    686.60  postgres: postgres dbt3 [local] COPY                      
11:18:28 PM    26      7791   39.82    3.65    0.00   36.43   43.47     2      0.78      0.00  498588  119456   0.18     132      36      0.00  18909.87      0.00       0    208.70    696.83  postgres: postgres dbt3 [local] COPY                      
11:18:28 PM    26      7792   39.70    3.77    0.00   36.28   43.47     4      0.67      0.00  498588  118892   0.18     132      36      0.00  18696.53      0.00       0    217.12    675.60  postgres: postgres dbt3 [local] COPY waiting              
11:18:28 PM    26      7793   31.05    1.02    0.00   15.98   32.07     2      0.00      0.00  315344  308996   0.47     132      20      0.00      0.00      0.00       0    681.35     72.95  /mnt/home/mark.wong/src/dbt3/src/dbgen/dbgen -s 10 -T L -o -C 6 -S 2 
11:18:28 PM    26      7794   30.97    1.02    0.00   15.95   31.98     0      0.00      0.00  315344  308988   0.47     132      20      0.00      0.00      0.00       0    667.50     71.42  /mnt/home/mark.wong/src/dbt3/src/dbgen/dbgen -s 10 -T L -o -C 6 -S 1 
11:18:28 PM    26      7795   39.57    3.73    0.00   36.47   43.30     1      0.77      0.00  498588  118752   0.18     132      36      0.00  18546.67      0.00       0    222.02    664.93  postgres: postgres dbt3 [local] COPY waiting              
11:18:28 PM    26      7796   31.13    0.95    0.00   15.95   32.08     5      0.00      0.00  315344  309068   0.47     132      20      0.00      0.00      0.00       0    685.13     76.88  /mnt/home/mark.wong/src/dbt3/src/dbgen/dbgen -s 10 -T L -o -C 6 -S 3 
11:18:28 PM    26      7797   40.07    3.87    0.00   36.00   43.93     2      0.53      0.00  498588  120080   0.18     132      36      0.00  18865.80      0.00       0    208.67    669.48  postgres: postgres dbt3 [local] COPY                      
11:18:28 PM    26      7798   31.00    0.97    0.00   16.23   31.97     4      0.00      0.00  315344  309180   0.47     132      20      0.00      0.00      0.00       0    663.82     78.47  /mnt/home/mark.wong/src/dbt3/src/dbgen/dbgen -s 10 -T L -o -C 6 -S 6 
11:18:28 PM    26      7799   31.07    1.02    0.00   16.38   32.08     0      0.00      0.00  315344  309192   0.47     132      20      0.00      0.00      0.00       0    656.87     75.83  /mnt/home/mark.wong/src/dbt3/src/dbgen/dbgen -s 10 -T L -o -C 6 -S 4 
11:18:28 PM    26      7800   31.30    1.02    0.00   16.52   32.32     2      0.00      0.00  315344  309176   0.47     132      16      0.00      0.00      0.00       0    656.30     74.52  /mnt/home/mark.wong/src/dbt3/src/dbgen/dbgen -s 10 -T L -o -C 6 -S 5 
11:18:28 PM    26      7801    4.42    3.10    0.00    7.10    7.52     5      5.88      0.00  498332   38412   0.06     132      28      0.00  25881.20      0.00       0    447.23     16.92  postgres: autovacuum worker dbt3                          
11:18:28 PM    26      7808    0.00    0.00    0.00    0.00    0.00     5      1.35      0.00  217084     920   0.00     132      12      0.00      0.00      0.00       0      0.02      0.00  sleep 60 

# Time        UID       PID    %usr %system  %guest   %wait    %CPU   CPU  minflt/s  majflt/s     VSZ     RSS   %MEM StkSize  StkRef   kB_rd/s   kB_wr/s kB_ccwr/s iodelay   cswch/s nvcswch/s  Command
11:19:28 PM    26      7568    0.00    0.00    0.00    0.00    0.00     0      0.00      0.00  217200     868   0.00     132      24      0.00      0.07      0.00       0      0.42      0.00  sar -o /tmp/r10e/load//sar_raw.out 60 
11:19:28 PM    26      7569    0.00    0.13    0.00    0.03    0.13     1      0.00      0.00  220384    4668   0.01     132      24      0.00      0.20      0.00       0      0.15      0.38  pidstat -h -l -d -r -s -u -w 60 
11:19:28 PM    26      7571    0.00    0.00    0.00    0.00    0.00     0      0.00      0.00  222840    1372   0.00     132      20      0.00      0.40      0.00       0      0.78      0.83  sadc 60 -Z -S XALL /tmp/r10e/load//sar_raw.out 
11:19:28 PM    26      7582    0.00    0.00    0.00    0.00    0.00     1      1.75      0.00  497244   24812   0.04     132      36      0.00 318926.73      0.00       0      0.32      0.08  /usr/pgsql-14/bin/postgres -D /pgdata/dbt3/pgdata -p 5432 
11:19:28 PM    26      7583    0.00    0.00    0.00    0.00    0.00     0      0.00      0.00  349712    5196   0.01     132      20      0.00      0.13      0.00       0      0.12      0.00  postgres: logger                                          
11:19:28 PM    26      7585    0.10    1.22    0.00    3.10    1.32     4      2.62      0.00  497468  114064   0.17     132      32      0.00    592.73      0.00       0     39.67     34.70  postgres: checkpointer                                    
11:19:28 PM    26      7586    0.00    0.03    0.00    0.07    0.03     0      0.10      0.00  497244   74716   0.11     132      20      0.00    103.20      0.00       0      3.98      1.75  postgres: background writer                               
11:19:28 PM    26      7587    0.07    0.93    0.00    0.63    1.00     0      0.00      0.00  497244   10408   0.02     132      28      0.00   7320.40      0.00       0    415.83      8.15  postgres: walwriter                                       
11:19:28 PM    26      7588    0.00    0.00    0.00    0.00    0.00     3      0.00      0.00  497812    8840   0.01     132      16      0.00      0.00      0.00       0      0.15      0.02  postgres: autovacuum launcher                             
11:19:28 PM    26      7589    0.00    0.03    0.00    0.05    0.03     5      0.00      0.00  351972    5224   0.01     132      20      0.00      1.27      0.00       0     10.83      0.30  postgres: stats collector                                 
11:19:28 PM    26      7643    0.00    0.00    0.00    0.00    0.00     1      1.90      0.00  222528    3200   0.00     132      16      0.00      1.07      0.00       0      0.10      0.02  /bin/sh /usr/local/bin/dbt3-pgsql-dbstat /tmp/r10e/load 
11:19:28 PM    26      7644    0.00    0.00    0.00    0.00    0.00     5      5.77      0.00  223256    3852   0.01     132      16      0.00      0.47      0.07       0      0.12      0.00  /bin/sh /usr/local/bin/dbt3-pgsql-load-data -C 6 -d 
11:19:28 PM    26      7822    0.00    0.00    0.00    0.00    0.00     2      1.40      0.00  217084     880   0.00     132      12      0.00      0.00      0.00       0      0.02      0.00  sleep 60 
11:19:28 PM    26      7832    0.00    0.00    0.00    0.00    0.00     5      6.30      0.00  274080    6260   0.01     132      20      0.00      0.07      0.00       0      0.03      0.00  psql -v ON_ERROR_STOP=1 -X 
11:19:28 PM    26      7833    0.00    0.00    0.00    0.00    0.00     2      7.98      0.00  498308   13156   0.02     132      24      0.00      0.00      0.00       0      0.03      0.00  postgres: postgres dbt3 [local] COPY                      
11:19:28 PM    26      7834    8.17    0.13    0.00    0.00    8.30     3   1274.43      0.00  315212  306608   0.47     132      20      0.00      0.00      0.00       0      0.00      0.10  /mnt/home/mark.wong/src/dbt3/src/dbgen/dbgen -s 10 -T r -o 

# Time        UID       PID    %usr %system  %guest   %wait    %CPU   CPU  minflt/s  majflt/s     VSZ     RSS   %MEM StkSize  StkRef   kB_rd/s   kB_wr/s kB_ccwr/s iodelay   cswch/s nvcswch/s  Command
11:20:28 PM    26      7568    0.00    0.00    0.00    0.00    0.00     1      0.00      0.00  217200     868   0.00     132      24      0.00      0.07      0.00       0      0.02      0.00  sar -o /tmp/r10e/load//sar_raw.out 60 
11:20:28 PM    26      7569    0.02    0.02    0.00    0.02    0.03     1      0.00      0.00  220384    4668   0.01     132      24      0.00      0.13      0.00       0      0.02      0.20  pidstat -h -l -d -r -s -u -w 60 
11:20:28 PM    26      7571    0.02    0.02    0.00    0.02    0.03     1      0.00      0.00  222840    1372   0.00     132      20      0.00      0.33      0.00       0      0.10      0.95  sadc 60 -Z -S XALL /tmp/r10e/load//sar_raw.out 
11:20:28 PM    26      7582    0.00    0.05    0.00    0.02    0.05     5     12.18      0.00  497244   24812   0.04     132      36      0.00  46538.13  14136.00       0      1.57      0.33  /usr/pgsql-14/bin/postgres -D /pgdata/dbt3/pgdata -p 5432 
11:20:28 PM    26      7583    0.00    0.00    0.00    0.00    0.00     0      0.00      0.00  349712    5196   0.01     132      20      0.00      0.13      0.00       0      0.02      0.00  postgres: logger                                          
11:20:28 PM    26      7585    0.12    1.53    0.00    7.83    1.65     4      6.10      0.00  497616  130792   0.20     132      32      0.00   1275.47      0.00       0     21.68     37.85  postgres: checkpointer                                    
11:20:28 PM    26      7586    0.02    0.10    0.00    0.67    0.12     2      6.62      0.00  497244   99040   0.15     132      20      0.00    495.07      0.00       0      5.05      7.88  postgres: background writer                               
11:20:28 PM    26      7587    0.10    0.62    0.00    1.63    0.72     2      0.00      0.00  497244   10408   0.02     132      28      0.00   6445.20      0.00       0     63.28      9.70  postgres: walwriter                                       
11:20:28 PM    26      7588    0.00    0.00    0.00    0.02    0.00     5      0.02      0.00  497812    8840   0.01     132      16      0.00      0.00      0.00       0      0.13      0.00  postgres: autovacuum launcher                             
11:20:28 PM    26      7589    0.02    0.03    0.00    0.27    0.05     2      0.00      0.00  351972    5224   0.01     132      20      0.00      4.20      0.00       0     19.12      0.63  postgres: stats collector                                 
11:20:28 PM    26      7643    0.00    0.00    0.00    0.00    0.00     0      1.90      0.00  222528    3200   0.00     132      16      0.00      1.40      0.00       0      0.10      0.05  /bin/sh /usr/local/bin/dbt3-pgsql-dbstat /tmp/r10e/load 
11:20:28 PM    26      7644    0.00    0.00    0.00    0.00    0.00     0      8.63      0.00  223256    3852   0.01     132      16      0.00      0.07      0.07       0      0.12      0.03  /bin/sh /usr/local/bin/dbt3-pgsql-load-data -C 6 -d 
11:20:28 PM    26      7844    0.00    0.00    0.00    0.00    0.00     0      4.78      0.00  223256    2328   0.00     132      16      0.00      0.00      0.00       0      0.05      0.03  /bin/sh /usr/local/bin/dbt3-pgsql-load-data -C 6 -d 
11:20:28 PM    26      7849    0.00    0.00    0.00    0.00    0.00     5      4.30      0.00  223256    2264   0.00     132      12      0.00      0.00      0.00       0      0.02      0.00  /bin/sh /usr/local/bin/dbt3-pgsql-load-data -C 6 -d 
11:20:28 PM    26      7854    0.00    0.00    0.00    0.00    0.00     1      6.02      0.00  274080    6080   0.01     132      20      0.00      0.00      0.00       0      0.03      0.05  psql -v ON_ERROR_STOP=1 -X -c 
CREATE UNIQUE INDEX pk_lineitem
ON lineitem (l_orderkey, l_linenumber)
WITH (fillfactor = 100); 
11:20:28 PM    26      7855    0.00    0.00    0.00    0.02    0.00     3      5.95      0.00  274080    6004   0.01     132      20      0.00      0.00      0.00       0      0.03      0.02  psql -v ON_ERROR_STOP=1 -X -c 
CREATE INDEX lineitem_l_partkey_l_quantity_l_shipmode_idx
ON lineitem (l_partkey, l_quantity, l_shipmode)
WITH (fillfactor = 100); 
11:20:28 PM    26      7856    0.00    0.00    0.00    0.00    0.00     3      5.95      0.00  274080    6004   0.01     132      20      0.00      0.00      0.00       0      0.03      0.00  psql -v ON_ERROR_STOP=1 -X -c 
CREATE INDEX lineitem_l_orderkey_idx_l_returnflag
ON lineitem (l_orderkey)
WITH (fillfactor = 100)
WHERE l_returnflag = 'R'; 
11:20:28 PM    26      7857    0.00    0.00    0.00    0.03    0.00     4      6.03      0.00  274080    6088   0.01     132      20      0.00      0.00      0.00       0      0.03      0.02  psql -v ON_ERROR_STOP=1 -X -c 
CREATE INDEX lineitem_l_orderkey_idx_part2
ON lineitem (l_orderkey)
WITH (fillfactor = 100)
WHERE l_commitdate < l_receiptdate
  AND l_shipdate < l_commitdate; 
11:20:28 PM    26      7858    0.00    0.00    0.00    0.02    0.00     1      5.95      0.00  274080    5924   0.01     132      24      0.00      0.00      0.00       0      0.03      0.03  psql -v ON_ERROR_STOP=1 -X -c 
CREATE INDEX lineitem_l_orderkey_l_suppkey_l_quantity_idx
ON lineitem (l_orderkey, l_suppkey, l_quantity)
WITH (fillfactor = 100); 
11:20:28 PM    26      7859    0.00    0.00    0.00    0.02    0.00     1      6.00      0.00  274080    6016   0.01     132      24      0.00      0.00      0.00       0      0.03      0.07  psql -v ON_ERROR_STOP=1 -X -c 
CREATE INDEX lineitem_l_orderkey_l_suppkey_idx
ON lineitem (l_orderkey, l_suppkey)
WITH (fillfactor = 100)
WHERE l_commitdate < l_receiptdate; 
11:20:28 PM    26      7860    0.00    0.00    0.00    0.00    0.00     0      5.97      0.00  274080    6008   0.01     132      24      0.00      0.00      0.00       0      0.03      0.02  psql -v ON_ERROR_STOP=1 -X -c 
CREATE INDEX lineitem_l_partkey_l_suppkey_l_shipdate_l_quantity_idx
ON lineitem (l_partkey, l_suppkey, l_shipdate, l_quantity)
WITH (fillfactor = 100); 
11:20:28 PM    26      7861    0.00    0.00    0.00    0.02    0.00     2      5.98      0.00  274080    6116   0.01     132      24      0.00      0.00      0.00       0      0.03      0.05  psql -v ON_ERROR_STOP=1 -X -c 
CREATE INDEX lineitem_l_shipdate_idx
ON lineitem USING BRIN (l_shipdate); 
11:20:28 PM    26      7862    0.00    0.00    0.00    0.02    0.00     0      5.90      0.00  274080    6004   0.01     132      20      0.00      0.00      0.00       0      0.03      0.02  psql -v ON_ERROR_STOP=1 -X -c 
CREATE INDEX lineitem_l_receiptdate_idx
ON lineitem USING BRIN (l_receiptdate); 
11:20:28 PM    26      7864    0.00    0.00    0.00    0.03    0.00     0      5.90      0.00  274080    5840   0.01     132      24      0.00      0.00      0.00       0      0.03      0.02  psql -v ON_ERROR_STOP=1 -X -c 
CREATE INDEX orders_o_orderkey_o_orderdate_idx
ON orders (o_orderkey, o_orderdate)
WITH (fillfactor = 100); 
11:20:28 PM    26      7865    0.00    0.00    0.00    0.00    0.00     3      5.97      0.00  274080    6080   0.01     132      24      0.00      0.00      0.00       0      0.03      0.02  psql -v ON_ERROR_STOP=1 -X -c 
CREATE INDEX orders_o_custkey_idx
ON orders (o_custkey)
WITH (fillfactor = 100); 
11:20:28 PM    26      7877   26.48    3.42    0.00   63.68   29.90     5    236.17      0.00  534656   52936   0.08     132      32      0.00   9139.47      0.00       0     11.25     71.13  postgres: postgres dbt3 [local] CREATE INDEX              
11:20:28 PM    26      7881   24.20    2.67    0.00   63.67   26.87     0    434.93      0.00  567676   87096   0.13     132      32      0.00   1149.33      0.00       0     16.38     60.83  postgres: postgres dbt3 [local] CREATE INDEX              
11:20:28 PM    26      7885   22.03    4.78    0.00   61.88   26.82     4    258.27      0.00  545564   61452   0.09     132      32      0.00  59486.13      0.00       0     19.22     63.72  postgres: postgres dbt3 [local] CREATE INDEX              
11:20:28 PM    26      7887   26.37    2.50    0.00   63.60   28.87     4    459.90      0.00  569868   85592   0.13     132      32      0.00   5779.33      0.00       0     12.48     62.73  postgres: postgres dbt3 [local] CREATE INDEX              
11:20:28 PM    26      7888   25.33    3.18    0.00   63.70   28.52     3    567.43      0.00  567184   87688   0.13     132      32      0.00  17051.33      0.00       0     21.45     69.58  postgres: postgres dbt3 [local] CREATE INDEX              
11:20:28 PM    26      7889   28.27    2.15    0.00   63.58   30.42     5    554.57      0.00  567776   86332   0.13     132      32      0.00   6103.33      0.00       0     10.90     72.97  postgres: postgres dbt3 [local] CREATE INDEX              
11:20:28 PM    26      7890   30.00    2.53    0.00   61.13   32.53     2    459.33      0.00  569832   86496   0.13     132      32      0.00   8540.53      0.00       0     10.47     68.72  postgres: postgres dbt3 [local] CREATE INDEX              
11:20:28 PM    26      7891   22.12    2.57    0.00   59.83   24.68     5     28.42      0.00  498452   26808   0.04     132      32      0.00     12.67      0.00       0     21.93     55.25  postgres: postgres dbt3 [local] CREATE INDEX              
11:20:28 PM    26      7895   28.17    3.02    0.00   62.88   31.18     2    459.47      0.00  569832   86612   0.13     132      32      0.00  10996.67      0.00       0     11.22     82.70  postgres: postgres dbt3 [local] CREATE INDEX              
11:20:28 PM    26      7902   22.12    2.40    0.00   60.20   24.52     0     29.53      0.00  498444   27176   0.04     132      32      0.00     11.60      0.00       0     20.50     56.17  postgres: postgres dbt3 [local] CREATE INDEX              
11:20:28 PM    26      7904   20.78    4.75    0.00   63.58   25.53     2    221.90      0.00  537160   47988   0.07     132      40      0.00  56841.93      0.00       0     18.57     61.03  postgres: parallel worker for PID 7885                    
11:20:28 PM    26      7905   29.35    2.27    0.00   62.40   31.62     4    459.20      0.00  569840   85768   0.13     132      32      0.00   7866.53      0.00       0     10.18     69.22  postgres: postgres dbt3 [local] CREATE INDEX              
11:20:28 PM    26      7906   28.88    3.52    0.00   60.67   32.40     3    235.22      0.00  534584   50600   0.08     132      40      0.00   9914.80      0.00       0     11.30     66.37  postgres: parallel worker for PID 7877                    
11:20:28 PM    26      7930    0.00    0.00    0.00    0.02    0.00     3      1.38      0.00  217084     816   0.00     132      12      0.00      0.00      0.00       0      0.02      0.00  sleep 60 

# Time        UID       PID    %usr %system  %guest   %wait    %CPU   CPU  minflt/s  majflt/s     VSZ     RSS   %MEM StkSize  StkRef   kB_rd/s   kB_wr/s kB_ccwr/s iodelay   cswch/s nvcswch/s  Command
11:21:28 PM    26      7568    0.00    0.00    0.00    0.00    0.00     1      0.00      0.00  217200     868   0.00     132      24      0.00      0.07      0.00       0      0.02      0.00  sar -o /tmp/r10e/load//sar_raw.out 60 
11:21:28 PM    26      7569    0.02    0.10    0.00    0.00    0.12     0      0.12      0.00  220384    4668   0.01     132      24      0.00      0.27      0.00       0      0.15      0.50  pidstat -h -l -d -r -s -u -w 60 
11:21:28 PM    26      7571    0.00    0.00    0.00    0.02    0.00     5      0.00      0.00  222840    1372   0.00     132      20      0.00      0.40      0.00       0      0.77      0.10  sadc 60 -Z -S XALL /tmp/r10e/load//sar_raw.out 
11:21:28 PM    26      7582    0.00    0.00    0.00    0.00    0.00     3      2.33      0.00  497244   24812   0.04     132      36      0.00 303954.13   9514.53       0      0.52      0.12  /usr/pgsql-14/bin/postgres -D /pgdata/dbt3/pgdata -p 5432 
11:21:28 PM    26      7583    0.00    0.00    0.00    0.00    0.00     1      0.00      0.00  349712    5196   0.01     132      20      0.00      0.07      0.00       0      0.13      0.00  postgres: logger                                          
11:21:28 PM    26      7585    0.08    1.12    0.00    4.98    1.20     5      2.77      0.00  497616  137680   0.21     132      32      0.00   1870.73      0.00       0     44.40     35.23  postgres: checkpointer                                    
11:21:28 PM    26      7586    0.02    0.02    0.00    0.12    0.03     0      0.07      0.00  497244   99040   0.15     132      20      0.00     66.13      0.00       0      2.52      0.40  postgres: background writer                               
11:21:28 PM    26      7587    0.07    0.70    0.00    1.80    0.77     1      0.00      0.00  497244   10408   0.02     132      28      0.00   7301.20      0.00       0    149.05     10.05  postgres: walwriter                                       
11:21:28 PM    26      7588    0.00    0.00    0.00    0.00    0.00     5      0.02      0.00  497812    8840   0.01     132      16      0.00      0.00      0.00       0      0.13      0.00  postgres: autovacuum launcher                             
11:21:28 PM    26      7589    0.02    0.02    0.00    0.08    0.03     1      0.00      0.00  351972    5224   0.01     132      20      0.00      2.60      0.00       0      7.03      0.48  postgres: stats collector                                 
11:21:28 PM    26      7590    0.00    0.00    0.00    0.00    0.00     3      0.02      0.00  497672    6856   0.01     132      16      0.00      0.00      0.00       0      0.02      0.00  postgres: logical replication launcher                    
11:21:28 PM    26      7643    0.00    0.00    0.00    0.00    0.00     4      1.93      0.00  222528    3204   0.00     132      16      0.00      1.13      0.00       0      0.10      0.07  /bin/sh /usr/local/bin/dbt3-pgsql-dbstat /tmp/r10e/load 
11:21:28 PM    26      7644    0.00    0.00    0.00    0.00    0.00     5      0.00      0.00  223256    3852   0.01     132      16      0.00      0.00      0.00       0      0.02      0.02  /bin/sh /usr/local/bin/dbt3-pgsql-load-data -C 6 -d 
11:21:28 PM    26      7849    0.00    0.00    0.00    0.00    0.00     1      2.35      0.00  223256    2328   0.00     132      16      0.00      0.00      0.00       0      0.08      0.07  /bin/sh /usr/local/bin/dbt3-pgsql-load-data -C 6 -d 
11:21:28 PM    26      7887   60.12    6.73    0.00   27.08   66.85     5    140.58      0.00  564908  188180   0.29     132      32      0.00  40881.53      0.00       0    140.03     76.88  postgres: postgres dbt3 [local] CREATE INDEX              
11:21:28 PM    26      7890   68.02    5.25    0.00   25.25   73.27     2      1.47      0.00  570600   86880   0.13     132      32      0.00  22303.87      0.00       0      3.97     55.32  postgres: postgres dbt3 [local] CREATE INDEX              
11:21:28 PM    26      7895   60.78    7.20    0.00   28.45   67.98     4    125.42      0.00  564940  186940   0.28     132      36      0.00  42556.07      0.00       0    135.57     59.63  postgres: postgres dbt3 [local] CREATE INDEX              
11:21:28 PM    26      7905   67.92    4.88    0.00   25.48   72.80     3      1.37      0.00  570096   87072   0.13     132      32      0.00  20890.67      0.00       0      2.48     57.43  postgres: postgres dbt3 [local] CREATE INDEX              
11:21:28 PM    26      7961    0.00    0.00    0.00    0.02    0.00     3      1.38      0.00  217084     856   0.00     132      16      0.00      0.00      0.00       0      0.02      0.00  sleep 60 
